sandwich_east_overwash_utm.asc
ncols         69
nrows         193
xllcorner     376951.413
yllcorner     4624713.550
cellsize      0.875048900218
nodata_value  -9999.0
[rows 0 to 35 of 193, columns 0 to 68 of 69]
0.989 0.94 0.91 0.864 0.818 0.806 0.872 0.873 0.72 0.707 0.69 0.674 0.614 0.558 0.532 0.479 0.516 0.444 0.39 0.393 0.318 0.331 0.207 0.303 0.131 0.12 0.039 0.067 0.08 0.115 0.109 0.158 -9999.0 -9999.0 -9999.0 -9999.0 -9999.0 -9999.0 -9999.0 -9999.0 -9999.0 -9999.0 -9999.0 -9999.0 -9999.0 -9999.0 -9999.0 -9999.0 -9999.0 -9999.0 -9999.0 -9999.0 -9999.0 -9999.0 -9999.0 -9999.0 -9999.0 -9999.0 -9999.0 -9999.0 -9999.0 -9999.0 -9999.0 -9999.0 -9999.0 -9999.0 -9999.0 -9999.0 -9999.0
1.036 1.045 0.911 0.891 0.807 0.757 0.86 0.851 0.725 0.751 0.728 0.71 0.652 0.532 0.566 0.539 0.531 0.441 0.423 0.431 0.328 0.357 0.276 0.33 0.164 0.194 0.081 0.147 0.101 0.124 0.124 0.154 -9999.0 -9999.0 -9999.0 -9999.0 -9999.0 -9999.0 -9999.0 -9999.0 -9999.0 -9999.0 -9999.0 -9999.0 -9999.0 -9999.0 -9999.0 -9999.0 -9999.0 -9999.0 -9999.0 -9999.0 -9999.0 -9999.0 -9999.0 -9999.0 -9999.0 -9999.0 -9999.0 -9999.0 -9999.0 -9999.0 -9999.0 -9999.0 -9999.0 -9999.0 -9999.0 -9999.0 -9999.0
1.131 1.108 0.947 0.905 0.839 0.832 0.878 0.849 0.8 0.808 0.741 0.762 0.681 0.571 0.597 0.565 0.495 0.442 0.427 0.418 0.333 0.324 0.385 0.349 0.249 0.302 0.151 0.261 0.154 0.147 0.154 0.138 0.194 0.172 0.159 0.151 0.138 -9999.0 -9999.0 -9999.0 -9999.0 -9999.0 -9999.0 -9999.0 -9999.0 -9999.0 -9999.0 -9999.0 -9999.0 -9999.0 -9999.0 -9999.0 -9999.0 -9999.0 -9999.0 -9999.0 -9999.0 -9999.0 -9999.0 -9999.0 -9999.0 -9999.0 -9999.0 -9999.0 -9999.0 -9999.0 -9999.0 -9999.0 -9999.0
1.243 1.153 1.038 0.928 0.917 0.99 0.934 0.897 0.917 0.856 0.752 0.838 0.739 0.732 0.63 0.537 0.437 0.495 0.363 0.411 0.391 0.424 0.479 0.415 0.369 0.348 0.331 0.265 0.143 0.181 0.075 0.07 0.189 0.176 0.163 0.144 0.137 0.155 0.137 0.143 -9999.0 -9999.0 -9999.0 -9999.0 -9999.0 -9999.0 -9999.0 -9999.0 -9999.0 -9999.0 -9999.0 -9999.0 -9999.0 -9999.0 -9999.0 -9999.0 -9999.0 -9999.0 -9999.0 -9999.0 -9999.0 -9999.0 -9999.0 -9999.0 -9999.0 -9999.0 -9999.0 -9999.0 -9999.0
1.332 1.216 1.218 1.003 1.015 1.07 0.996 0.95 0.863 0.88 0.866 0.794 0.829 0.722 0.714 0.642 0.572 0.546 0.444 0.461 0.445 0.468 0.49 0.495 0.464 0.365 0.421 0.434 0.32 0.252 0.157 0.129 0.169 0.149 0.138 0.145 0.124 0.104 0.141 0.164 -9999.0 -9999.0 -9999.0 -9999.0 -9999.0 -9999.0 -9999.0 -9999.0 -9999.0 -9999.0 -9999.0 -9999.0 -9999.0 -9999.0 -9999.0 -9999.0 -9999.0 -9999.0 -9999.0 -9999.0 -9999.0 -9999.0 -9999.0 -9999.0 -9999.0 -9999.0 -9999.0 -9999.0 -9999.0
1.446 1.307 1.257 1.168 1.117 1.134 1.065 1.009 1.003 0.958 0.923 0.86 0.881 0.801 0.78 0.75 0.618 0.562 0.483 0.504 0.478 0.51 0.532 0.552 0.525 0.442 0.458 0.53 0.455 0.313 0.253 0.232 0.176 0.16 0.159 0.129 0.122 0.07 0.138 0.171 0.172 0.168 0.155 -9999.0 -9999.0 -9999.0 -9999.0 -9999.0 -9999.0 -9999.0 -9999.0 -9999.0 -9999.0 -9999.0 -9999.0 -9999.0 -9999.0 -9999.0 -9999.0 -9999.0 -9999.0 -9999.0 -9999.0 -9999.0 -9999.0 -9999.0 -9999.0 -9999.0 -9999.0
1.529 1.431 1.37 1.296 1.278 1.209 1.17 1.115 1.105 1.031 1.01 0.935 0.889 0.869 0.846 0.802 0.671 0.599 0.529 0.534 0.534 0.574 0.616 0.586 0.568 0.553 0.469 0.53 0.501 0.366 0.32 0.345 0.238 0.25 0.262 0.085 0.156 0.138 0.105 0.115 0.195 0.18 0.144 0.135 0.149 0.112 0.089 -9999.0 -9999.0 -9999.0 -9999.0 -9999.0 -9999.0 -9999.0 -9999.0 -9999.0 -9999.0 -9999.0 -9999.0 -9999.0 -9999.0 -9999.0 -9999.0 -9999.0 -9999.0 -9999.0 -9999.0 -9999.0 -9999.0
1.617 1.555 1.508 1.414 1.456 1.308 1.291 1.261 1.155 1.105 1.141 0.994 0.87 0.892 0.916 0.773 0.804 0.708 0.632 0.554 0.676 0.696 0.743 0.607 0.621 0.591 0.547 0.568 0.541 0.526 0.446 0.479 0.383 0.371 0.346 0.248 0.219 0.161 0.133 0.178 0.203 0.174 0.159 0.162 0.148 0.1 0.073 0.07 0.101 0.085 0.08 -9999.0 -9999.0 -9999.0 -9999.0 -9999.0 -9999.0 -9999.0 -9999.0 -9999.0 -9999.0 -9999.0 -9999.0 -9999.0 -9999.0 -9999.0 -9999.0 -9999.0 -9999.0
1.755 1.614 1.575 1.59 1.548 1.45 1.338 1.426 1.346 1.275 1.264 1.177 1.082 1.025 1.016 0.947 0.948 0.863 0.778 0.763 0.775 0.753 0.754 0.719 0.698 0.656 0.619 0.572 0.606 0.614 0.552 0.55 0.453 0.468 0.411 0.397 0.296 0.249 0.234 0.268 0.203 0.192 0.164 0.127 0.105 0.082 0.069 0.055 0.11 0.083 0.078 -9999.0 -9999.0 -9999.0 -9999.0 -9999.0 -9999.0 -9999.0 -9999.0 -9999.0 -9999.0 -9999.0 -9999.0 -9999.0 -9999.0 -9999.0 -9999.0 -9999.0 -9999.0
1.799 1.66 1.682 1.701 1.589 1.596 1.497 1.553 1.493 1.379 1.31 1.246 1.193 1.154 1.093 0.969 1.042 0.938 0.87 0.88 0.876 0.825 0.739 0.782 0.745 0.728 0.694 0.647 0.658 0.652 0.617 0.575 0.502 0.519 0.442 0.519 0.406 0.362 0.341 0.338 0.234 0.236 0.186 0.082 0.065 0.084 0.088 0.071 0.104 0.073 0.075 0.08 0.08 0.08 -9999.0 -9999.0 -9999.0 -9999.0 -9999.0 -9999.0 -9999.0 -9999.0 -9999.0 -9999.0 -9999.0 -9999.0 -9999.0 -9999.0 -9999.0
1.868 1.756 1.778 1.76 1.677 1.687 1.616 1.582 1.579 1.479 1.38 1.359 1.277 1.282 1.199 1.041 1.113 1.007 0.966 0.963 0.978 0.917 0.762 0.819 0.789 0.809 0.768 0.77 0.698 0.667 0.638 0.567 0.554 0.519 0.433 0.609 0.558 0.452 0.37 0.339 0.357 0.311 0.302 0.196 0.161 0.171 0.135 0.055 0.028 0.071 0.089 0.084 0.088 0.107 0.105 0.078 0.052 -9999.0 -9999.0 -9999.0 -9999.0 -9999.0 -9999.0 -9999.0 -9999.0 -9999.0 -9999.0 -9999.0 -9999.0
1.959 1.876 1.857 1.801 1.778 1.742 1.696 1.562 1.617 1.58 1.508 1.554 1.37 1.406 1.375 1.293 1.191 1.147 1.139 1.096 1.072 1.035 0.939 0.922 0.918 0.925 0.786 0.759 0.798 0.768 0.657 0.558 0.625 0.622 0.6 0.615 0.571 0.535 0.389 0.405 0.417 0.365 0.311 0.212 0.245 0.241 0.173 0.125 0.07 0.054 0.056 0.101 0.101 0.095 0.103 0.085 0.081 -9999.0 -9999.0 -9999.0 -9999.0 -9999.0 -9999.0 -9999.0 -9999.0 -9999.0 -9999.0 -9999.0 -9999.0
2.059 1.969 1.924 1.869 1.786 1.848 1.855 1.741 1.662 1.595 1.615 1.613 1.503 1.499 1.436 1.298 1.234 1.29 1.28 1.235 1.169 1.09 1.024 0.97 0.948 0.984 0.942 0.837 0.808 0.829 0.77 0.696 0.708 0.625 0.692 0.681 0.629 0.59 0.465 0.472 0.463 0.397 0.329 0.262 0.316 0.258 0.204 0.174 0.141 0.083 0.075 0.117 0.099 0.057 0.082 0.08 0.101 0.093 0.094 -9999.0 -9999.0 -9999.0 -9999.0 -9999.0 -9999.0 -9999.0 -9999.0 -9999.0 -9999.0
2.152 2.034 2.027 1.994 1.887 1.884 1.889 1.807 1.753 1.675 1.656 1.639 1.542 1.549 1.5 1.373 1.306 1.376 1.376 1.325 1.227 1.125 1.097 1.058 1.029 1.045 1.004 0.922 0.865 0.892 0.881 0.859 0.793 0.668 0.758 0.752 0.695 0.64 0.573 0.523 0.5 0.453 0.406 0.355 0.355 0.264 0.254 0.206 0.209 0.174 0.175 0.128 0.081 0.0090745483 0.039 0.066 0.076 0.096 0.086 0.122 0.115 0.097 0.095 0.083 -9999.0 -9999.0 -9999.0 -9999.0 -9999.0
2.275 2.138 2.114 2.045 1.968 1.949 1.925 1.889 1.894 1.818 1.739 1.694 1.617 1.614 1.583 1.495 1.413 1.436 1.44 1.383 1.279 1.189 1.178 1.172 1.156 1.101 0.97 1.003 0.996 0.968 0.947 0.976 0.887 0.832 0.827 0.776 0.736 0.705 0.68 0.535 0.539 0.623 0.626 0.463 0.326 0.429 0.444 0.405 0.257 0.216 0.221 0.24 0.226 0.115 0.089 0.085 0.122 0.078 0.021 0.056 0.108 0.108 0.099 0.101 0.104 0.095 0.091 -9999.0 -9999.0
2.385 2.25 2.181 2.088 2.058 2.058 1.998 2.006 2.059 2.002 1.896 1.809 1.782 1.728 1.689 1.644 1.565 1.502 1.491 1.434 1.382 1.368 1.282 1.24 1.231 1.132 1.028 1.094 1.12 1.063 0.954 0.958 0.984 0.931 0.899 0.862 0.802 0.721 0.686 0.688 0.603 0.626 0.612 0.538 0.49 0.496 0.525 0.491 0.328 0.316 0.273 0.277 0.336 0.241 0.185 0.151 0.154 0.137 0.051 0.042 0.077 0.118 0.106 0.09 0.076 0.089 0.078 -9999.0 -9999.0
2.412 2.301 2.249 2.315 2.263 2.21 2.139 2.103 2.13 2.071 2.032 1.907 1.864 1.836 1.717 1.605 1.615 1.589 1.584 1.564 1.502 1.524 1.468 1.316 1.309 1.223 1.159 1.19 1.191 1.12 1.023 1.074 1.097 1.002 0.97 0.942 0.888 0.808 0.777 0.781 0.762 0.75 0.673 0.651 0.625 0.573 0.598 0.586 0.476 0.434 0.373 0.357 0.41 0.349 0.296 0.23 0.174 0.196 0.128 0.089 0.063 0.122 0.116 0.073 0.034 0.07 0.051 0.065 0.063
2.507 2.418 2.375 2.387 2.36 2.314 2.249 2.217 2.17 2.1 2.084 2.062 1.979 1.966 1.912 1.777 1.741 1.694 1.673 1.668 1.631 1.656 1.604 1.42 1.392 1.349 1.295 1.283 1.261 1.201 1.144 1.192 1.169 1.071 1.055 1.023 0.991 0.936 0.903 0.858 0.929 0.915 0.813 0.785 0.705 0.674 0.674 0.709 0.681 0.554 0.539 0.525 0.446 0.418 0.388 0.292 0.176 0.147 0.173 0.214 0.146 0.11 0.139 0.151 0.056 0.039 0.026 0.059 0.059
2.596 2.517 2.473 2.436 2.425 2.385 2.336 2.305 2.23 2.17 2.157 2.183 2.09 2.075 2.089 1.977 1.865 1.784 1.766 1.74 1.727 1.741 1.669 1.524 1.476 1.478 1.422 1.383 1.347 1.322 1.298 1.247 1.176 1.158 1.165 1.109 1.113 1.048 1.007 0.997 0.914 0.887 0.938 0.891 0.768 0.745 0.685 0.717 0.701 0.658 0.603 0.532 0.539 0.496 0.452 0.475 0.35 0.236 0.241 0.197 0.14 0.145 0.183 0.188 0.13 0.091 0.029 0.031 0.054
2.681 2.608 2.56 2.499 2.478 2.446 2.407 2.368 2.328 2.316 2.284 2.236 2.178 2.13 2.107 2.054 1.91 1.82 1.879 1.764 1.705 1.75 1.638 1.563 1.534 1.522 1.555 1.541 1.464 1.411 1.401 1.346 1.296 1.298 1.255 1.195 1.174 1.096 1.027 1.001 1.047 1.024 0.987 0.991 0.881 0.811 0.822 0.786 0.76 0.718 0.732 0.694 0.657 0.607 0.537 0.549 0.483 0.364 0.342 0.253 0.185 0.218 0.236 0.212 0.158 0.112 0.068 0.036 0.037
2.782 2.723 2.697 2.614 2.546 2.553 2.498 2.436 2.489 2.505 2.441 2.33 2.252 2.234 2.19 2.169 2.142 2.095 2.056 1.928 1.855 1.875 1.805 1.719 1.653 1.651 1.655 1.618 1.545 1.464 1.43 1.416 1.377 1.364 1.34 1.275 1.207 1.138 1.145 1.118 1.122 1.122 1.088 1.092 1.027 0.957 0.953 0.877 0.852 0.818 0.858 0.851 0.778 0.724 0.626 0.568 0.579 0.503 0.448 0.354 0.274 0.319 0.307 0.255 0.168 0.105 0.134 0.082 0.016
2.894 2.858 2.8 2.716 2.648 2.602 2.577 2.536 2.521 2.522 2.484 2.425 2.37 2.331 2.272 2.287 2.3 2.258 2.205 2.067 2.007 1.995 1.917 1.822 1.745 1.745 1.711 1.655 1.588 1.505 1.477 1.492 1.456 1.425 1.411 1.348 1.267 1.226 1.301 1.277 1.171 1.188 1.217 1.185 1.184 1.143 1.051 0.976 0.971 0.974 0.933 0.919 0.885 0.824 0.712 0.586 0.642 0.621 0.5 0.421 0.361 0.432 0.441 0.407 0.364 0.211 0.142 0.12 0.099
3.018 2.963 2.894 2.85 2.788 2.698 2.703 2.663 2.579 2.544 2.535 2.536 2.495 2.423 2.345 2.381 2.383 2.352 2.329 2.184 2.139 2.096 1.977 1.889 1.817 1.79 1.732 1.678 1.61 1.55 1.575 1.579 1.565 1.528 1.459 1.415 1.426 1.426 1.371 1.345 1.312 1.268 1.267 1.265 1.214 1.179 1.147 1.086 1.012 0.989 1.007 0.982 0.932 0.887 0.796 0.724 0.726 0.711 0.609 0.437 0.372 0.458 0.479 0.456 0.402 0.28 0.212 0.2 0.162
3.132 3.043 2.984 2.985 2.93 2.84 2.852 2.797 2.703 2.63 2.637 2.651 2.606 2.511 2.408 2.421 2.405 2.435 2.433 2.295 2.229 2.192 2.082 2.048 1.959 1.839 1.774 1.779 1.747 1.626 1.585 1.586 1.62 1.609 1.567 1.555 1.557 1.514 1.443 1.406 1.325 1.282 1.293 1.282 1.258 1.247 1.241 1.176 1.08 1.05 1.056 1.011 0.971 0.946 0.877 0.848 0.83 0.8 0.736 0.508 0.426 0.526 0.528 0.493 0.446 0.323 0.24 0.262 0.228
3.198 3.12 3.078 3.012 2.969 2.926 2.87 2.821 2.771 2.721 2.635 2.641 2.678 2.628 2.502 2.409 2.356 2.417 2.503 2.463 2.389 2.283 2.191 2.154 2.068 1.951 1.877 1.904 1.875 1.728 1.692 1.721 1.709 1.665 1.636 1.628 1.592 1.553 1.508 1.441 1.38 1.356 1.334 1.324 1.313 1.313 1.323 1.255 1.15 1.125 1.107 1.056 1.039 0.992 0.934 0.937 0.918 0.88 0.855 0.653 0.57 0.652 0.599 0.537 0.521 0.355 0.226 0.295 0.306
3.309 3.261 3.208 3.159 3.062 3.013 2.965 2.92 2.883 2.823 2.76 2.756 2.779 2.738 2.648 2.571 2.462 2.436 2.495 2.524 2.452 2.349 2.289 2.238 2.184 2.064 1.998 2.017 1.972 1.844 1.809 1.842 1.794 1.745 1.709 1.665 1.593 1.585 1.573 1.481 1.478 1.465 1.398 1.398 1.387 1.388 1.397 1.337 1.224 1.203 1.18 1.149 1.159 1.008 0.948 0.958 0.944 0.941 0.917 0.906 0.872 0.825 0.683 0.578 0.56 0.469 0.395 0.367 0.328
3.425 3.401 3.323 3.278 3.178 3.116 3.061 2.994 2.961 2.918 2.902 2.888 2.869 2.822 2.797 2.747 2.624 2.535 2.522 2.546 2.469 2.4 2.359 2.293 2.287 2.167 2.124 2.103 2.033 1.96 1.885 1.872 1.854 1.888 1.824 1.707 1.638 1.653 1.66 1.59 1.561 1.527 1.489 1.48 1.526 1.554 1.497 1.476 1.403 1.309 1.272 1.239 1.223 1.158 1.105 1.106 1.073 0.988 0.937 0.867 0.818 0.798 0.751 0.717 0.665 0.533 0.454 0.427 0.368
3.532 3.494 3.399 3.349 3.303 3.228 3.146 3.03 2.994 2.996 3 2.975 2.915 2.87 2.895 2.771 2.728 2.786 2.757 2.667 2.571 2.442 2.368 2.274 2.284 2.295 2.226 2.152 2.065 1.985 1.955 1.95 1.911 1.868 1.829 1.746 1.734 1.786 1.735 1.675 1.62 1.55 1.541 1.592 1.645 1.672 1.65 1.594 1.491 1.4 1.414 1.32 1.249 1.253 1.23 1.196 1.144 1.069 0.972 0.89 0.855 0.845 0.846 0.818 0.758 0.64 0.539 0.471 0.413
3.615 3.454 3.397 3.402 3.379 3.341 3.245 3.18 3.078 3.056 3.043 2.974 2.925 2.918 2.933 2.928 2.86 2.849 2.813 2.763 2.708 2.585 2.539 2.471 2.426 2.409 2.324 2.247 2.156 2.093 2.045 2.007 1.991 1.95 1.913 1.819 1.813 1.877 1.8 1.736 1.699 1.638 1.619 1.674 1.707 1.726 1.751 1.701 1.575 1.488 1.521 1.39 1.297 1.337 1.33 1.257 1.19 1.166 1.046 0.998 0.967 0.953 0.939 0.852 0.815 0.793 0.676 0.508 0.465
3.596 3.573 3.483 3.459 3.43 3.355 3.306 3.29 3.174 3.129 3.107 3.052 3.024 3.01 3.018 2.984 2.915 2.901 2.865 2.822 2.779 2.686 2.632 2.6 2.502 2.448 2.394 2.341 2.243 2.214 2.16 2.077 2.049 2.033 2.019 1.926 1.885 1.938 1.865 1.792 1.8 1.758 1.702 1.714 1.713 1.714 1.764 1.796 1.69 1.579 1.544 1.463 1.413 1.448 1.406 1.338 1.255 1.243 1.204 1.131 0.978 0.942 0.94 0.836 0.826 0.779 0.739 0.665 0.562
3.637 3.638 3.594 3.56 3.465 3.364 3.342 3.342 3.271 3.225 3.185 3.15 3.144 3.098 3.079 2.983 2.944 2.948 2.916 2.866 2.82 2.778 2.671 2.639 2.514 2.441 2.437 2.417 2.307 2.315 2.301 2.179 2.049 2.03 2.096 2.063 1.967 1.988 1.952 1.886 1.902 1.779 1.705 1.734 1.701 1.674 1.709 1.783 1.783 1.706 1.619 1.555 1.518 1.507 1.468 1.436 1.353 1.286 1.256 1.204 1.109 1.057 1 0.952 0.93 0.867 0.799 0.711 0.584
3.716 3.641 3.689 3.665 3.499 3.407 3.371 3.341 3.357 3.34 3.266 3.229 3.235 3.146 3.042 2.992 3 2.989 2.949 2.955 2.928 2.993 2.845 2.699 2.659 2.592 2.509 2.475 2.42 2.408 2.351 2.26 2.146 2.14 2.165 2.154 2.129 2.149 2.088 1.972 1.889 1.836 1.815 1.805 1.748 1.771 1.776 1.779 1.795 1.732 1.69 1.636 1.583 1.554 1.536 1.483 1.412 1.338 1.306 1.273 1.211 1.139 1.075 1.066 0.989 0.949 0.867 0.767 0.646
3.771 3.64 3.643 3.65 3.579 3.539 3.506 3.355 3.378 3.352 3.3 3.257 3.25 3.209 3.168 3.136 3.113 3.061 2.932 2.972 2.995 3.044 2.982 2.864 2.828 2.708 2.628 2.571 2.551 2.554 2.446 2.332 2.26 2.243 2.236 2.216 2.209 2.21 2.138 2.045 1.994 1.962 1.888 1.864 1.85 1.897 1.835 1.759 1.779 1.749 1.761 1.7 1.626 1.595 1.581 1.521 1.455 1.39 1.344 1.318 1.266 1.171 1.141 1.129 0.988 0.987 0.943 0.875 0.795
3.841 3.725 3.687 3.701 3.635 3.577 3.529 3.464 3.44 3.352 3.345 3.323 3.314 3.275 3.229 3.233 3.191 3.122 3.017 3.014 3.02 3.07 3.029 2.978 2.92 2.786 2.71 2.663 2.656 2.642 2.546 2.416 2.374 2.35 2.323 2.282 2.256 2.248 2.163 2.118 2.182 2.125 1.93 1.916 1.976 1.981 1.853 1.742 1.778 1.808 1.823 1.746 1.66 1.634 1.568 1.617 1.512 1.413 1.339 1.269 1.302 1.177 1.136 1.107 1.051 0.966 0.952 0.922 0.861
3.957 3.834 3.76 3.751 3.699 3.601 3.55 3.578 3.507 3.406 3.421 3.4 3.389 3.332 3.256 3.285 3.237 3.179 3.149 3.068 3.016 3.063 2.997 3.016 2.926 2.842 2.741 2.731 2.713 2.621 2.632 2.523 2.469 2.473 2.437 2.398 2.351 2.409 2.291 2.207 2.276 2.26 2.061 2.024 1.975 1.865 1.918 1.939 1.957 1.838 1.812 1.751 1.695 1.699 1.608 1.624 1.573 1.537 1.502 1.401 1.36 1.274 1.231 1.167 1.145 1.054 1.012 0.944 0.889
4.083 3.945 3.844 3.791 3.761 3.645 3.617 3.66 3.58 3.54 3.53 3.47 3.443 3.37 3.283 3.294 3.259 3.248 3.195 3.112 3.013 2.926 2.974 2.991 2.932 2.932 2.858 2.715 2.756 2.649 2.643 2.59 2.523 2.545 2.531 2.495 2.413 2.41 2.319 2.314 2.34 2.309 2.175 2.089 2.052 2.035 2.013 2.007 2.043 1.955 1.866 1.799 1.748 1.766 1.71 1.664 1.583 1.6 1.606 1.537 1.441 1.381 1.352 1.29 1.282 1.203 1.112 0.98 0.934
