sandwich_zoom.asc
ncols         351
nrows         317
xllcorner     -70.4822839647
yllcorner     41.7640578600
cellsize      0.00001052677907865
nodata_value  -9999.0
[rows 264 to 296 of 317, columns 0 to 74 of 351]
4.009 3.899 3.946 3.965 4.056 4.109 4.144 4.16 4.094 3.956 3.9 3.983 4.037 3.995 3.965 4.021 3.992 3.93 4.006 3.973 3.765 3.543 3.522 3.576 3.462 3.643 3.639 3.532 3.394 3.078 2.606 2.384 1.024 1.735 2.319 2.409 2.915 3.001 3.094 3.351 3.375 2.657 2.019 1.076 0.508 0.472 1.44 2.55 3.165 3.451 3.623 3.682 3.833 3.91 3.91 3.926 3.96 3.93 3.88 3.827 3.738 3.637 3.577 3.481 2.917 3.123 3.3 3.148 2.984 2.975 2.623 2.541 3.053 3.394 3.627
3.954 3.882 3.874 3.921 4.046 4.024 4.061 4.117 4.087 4.027 4.066 4.127 4.034 3.969 3.946 3.916 3.983 4.013 3.92 3.823 3.669 3.57 3.718 3.679 3.583 3.616 3.703 3.685 3.584 3.583 3.371 2.864 2.854 2.366 1.997 1.873 2.033 1.094 2.315 2.713 2.384 0.823 1.171 2.196 2.188 2.174 2.889 3.205 3.395 3.542 3.678 3.716 3.887 4 3.987 3.961 3.981 3.922 3.915 3.816 3.68 3.626 3.617 3.389 3.074 3.231 3.24 -9999.0 2.913 2.843 2.438 2.888 3.189 3.449 3.726
3.946 3.933 3.946 3.98 4.035 4.018 4.006 4.003 3.989 4.003 3.936 3.961 3.865 3.896 3.96 3.964 3.914 3.877 3.842 3.808 3.758 3.677 3.758 3.895 3.788 3.687 3.756 3.71 3.64 3.586 3.618 3.53 3.302 2.901 1.77 0.845 1.38 1.939 2.156 2.199 0.88 1.135 1.659 2.781 3.294 3.349 3.352 3.341 3.562 3.623 3.703 3.785 3.941 3.923 3.975 3.907 3.919 3.887 3.839 3.801 3.722 3.625 3.505 3.494 2.855 2.787 2.678 2.475 2.587 2.868 2.972 3.047 3.365 3.581 3.736
3.868 3.929 4.03 3.993 3.975 4.013 4.046 3.952 3.977 4.004 3.979 3.887 3.905 3.903 3.898 3.924 3.885 3.793 3.746 3.775 3.835 3.794 3.804 3.899 3.855 3.817 3.77 3.739 3.612 3.659 3.589 3.533 3.417 3.209 2.089 0.66 0.213 1.164 1.489 1.931 1.998 1.919 2.46 3.125 3.409 3.391 3.469 3.539 3.688 3.753 3.737 3.778 3.846 3.821 3.812 3.819 3.863 3.863 3.745 3.705 3.648 3.542 3.429 3.282 3.13 2.836 2.591 2.455 2.397 2.649 3.017 3.259 3.419 3.585 3.579
3.932 4.048 4.052 3.988 3.928 3.963 3.895 3.955 4.004 3.907 3.951 3.833 3.833 3.858 3.879 3.924 3.894 3.693 3.639 3.694 3.755 3.854 3.857 3.846 3.937 3.93 3.892 3.825 3.764 3.711 3.711 3.633 3.592 3.334 2.849 2.356 1.772 1.597 1.408 1.475 1.863 2.28 2.755 3.124 3.171 3.182 3.261 3.417 3.514 3.63 3.525 3.583 3.763 3.701 3.653 3.665 3.789 3.777 3.826 3.769 3.578 3.407 3.065 3.117 3.034 2.727 -9999.0 2.116 2.283 2.729 3.083 3.325 3.485 3.665 3.696
4.039 4.047 3.916 3.916 3.997 3.932 3.864 3.895 3.855 3.839 3.872 3.817 3.803 3.788 3.795 3.906 3.928 3.784 3.716 3.675 3.742 3.806 3.86 3.772 3.771 3.785 3.828 3.827 3.858 3.797 3.789 3.621 3.503 3.207 2.793 2.547 2.507 1.72 1.547 1.758 2.015 2.185 2.336 2.581 2.831 2.845 3.029 3.197 3.24 3.435 3.548 3.562 3.59 3.459 3.465 3.451 3.557 3.518 3.489 3.548 3.453 3.427 2.505 2.928 3 -9999.0 -9999.0 0.366 1.418 2.693 2.96 3.318 3.524 3.696 3.748
4.056 4.049 3.947 3.929 3.943 3.901 3.773 3.676 3.752 3.719 3.819 3.905 3.83 3.732 3.706 3.701 3.711 3.686 3.702 3.641 3.694 3.807 3.844 3.814 3.809 3.868 3.845 3.808 3.868 3.653 3.388 3.187 3.129 2.691 2.104 2.174 2.049 2.004 2.002 2.07 1.969 2.06 1.816 1.766 2.176 2.563 2.821 3.13 3.172 3.233 3.101 3.258 3.478 3.423 3.397 3.402 3.384 3.23 3.178 3.269 2.871 2.865 3.054 3.15 -9999.0 -9999.0 -9999.0 2.253 1.914 2.283 2.497 3.03 3.471 3.645 3.761
4.089 4.07 3.971 3.86 3.809 3.78 3.696 3.735 3.718 3.791 3.811 3.726 3.67 3.654 3.61 3.48 3.685 3.741 3.784 3.701 3.81 3.864 3.801 3.776 3.682 3.538 3.484 3.394 3.23 2.295 1.054 1 1.386 0.499 1.112 0.793 1.575 2.236 2.364 1.202 1.805 2.306 1.163 1.537 2.309 2.643 2.741 2.887 2.615 2.79 3.064 3.112 3.158 3.393 3.574 3.551 3.309 3.072 2.684 3.044 3.128 3.09 3.19 3.028 -9999.0 -9999.0 1.915 2.03 2.071 1.305 1.954 2.856 3.37 3.524 3.672
3.961 3.981 3.822 3.791 3.812 3.812 3.711 3.698 3.534 3.68 3.746 3.705 3.578 3.27 3.367 3.493 3.632 3.659 3.629 3.505 3.509 3.548 3.29 3.293 2.806 1.435 1.237 1.737 1.067 0.522 0.4 0.6 1.191 1.042 1.69 2.54 2.458 2.33 2.224 2.296 2.146 2.313 2.641 2.633 2.931 2.944 3.01 3.129 3.027 2.8 2.781 2.818 2.63 2.962 3.263 3.201 2.979 3.077 3.044 3.106 3.142 3.103 3.131 3.029 2.738 2.448 2.39 1.964 1.925 2.234 2.337 2.918 3.233 3.496 3.49
3.97 3.907 3.885 3.869 3.866 3.894 3.897 3.81 3.702 3.574 3.266 3.184 3.094 3.201 3.012 3.286 3.419 3.24 3.36 2.913 2.59 2.576 2.919 2.057 2.295 1.563 1.488 1.824 1.012 0.616 0.837 2.174 3.022 3.28 3.229 3.113 3.01 3.171 3.013 3.087 2.986 2.933 3.227 3.21 3.136 3.244 3.333 3.318 3.345 3.173 2.654 2.87 3.223 3.121 2.63 2.811 3.031 2.957 3.043 -9999.0 -9999.0 -9999.0 -9999.0 3.123 3.091 2.945 2.595 2.375 2.179 2.364 2.645 2.752 2.895 3.122 3.409
3.913 3.957 3.97 3.892 3.895 3.951 3.878 3.91 3.905 3.592 3.12 2.89 2.77 2.843 2.901 2.738 2.667 3.155 3.185 3.282 3.524 3.588 3.629 3.621 3.467 3.332 3.137 2.989 2.382 1.298 0.943 2.247 3.054 3.291 3.423 3.415 3.392 3.502 3.481 3.342 3.377 3.391 3.374 3.446 3.511 3.619 3.537 3.525 3.469 3.459 3.526 3.422 3.535 3.443 3.071 2.848 2.821 2.697 -9999.0 -9999.0 -9999.0 -9999.0 3.42 3.319 3.241 3.096 2.309 2.061 1.122 2.064 2.842 2.876 2.913 2.699 3.099
3.849 3.916 3.955 3.95 3.935 3.911 3.892 3.871 3.759 3.482 3.104 3.011 2.945 2.864 3.039 3.053 3.178 3.412 3.617 3.755 3.787 3.736 3.895 3.828 3.628 3.353 3.09 2.79 2.504 1.338 1.564 2.503 2.989 3.243 3.428 3.576 3.634 3.56 3.552 3.51 3.444 3.441 3.406 3.464 3.544 3.663 3.691 3.607 3.496 3.492 3.504 3.55 3.499 3.669 2.901 2.709 2.405 2.095 -9999.0 -9999.0 3.021 3.103 3.313 3.207 3.29 3.466 3.389 3.259 3.122 3.234 3.191 2.78 2.561 2.456 2.297
3.988 4.016 3.966 4.001 3.959 4.026 3.989 3.954 3.864 3.708 3.441 3.155 3.252 3.263 3.398 3.128 3.196 3.658 3.899 3.926 3.84 3.807 3.856 3.815 3.796 3.635 3.251 3.068 1.977 1.475 2.227 2.674 2.882 3.047 3.472 3.702 3.689 3.702 3.656 3.535 3.39 3.315 3.464 3.474 3.524 3.6 3.58 3.596 3.46 3.522 3.485 3.51 3.475 3.281 1.218 1.939 2.176 -9999.0 -9999.0 3.042 3.132 3.079 3.295 3.422 3.455 3.455 3.374 3.362 3.449 3.474 3.429 3.081 1.711 1.751 1.805
3.939 3.972 3.922 3.813 3.957 4.064 4.035 3.924 3.997 4.064 3.964 3.847 3.762 3.785 3.777 3.781 3.808 3.894 3.929 3.862 3.86 3.875 3.857 3.847 3.857 3.806 3.72 3.459 2.466 2.761 2.25 2.569 2.953 3.165 3.489 3.697 3.72 3.771 3.657 3.542 3.442 3.459 3.576 3.576 3.63 3.708 3.593 3.445 3.364 3.351 3.314 3.336 3.396 2.428 1.529 1.745 2.261 2.507 2.988 2.721 2.904 3.22 3.426 3.521 3.56 3.63 3.539 3.558 3.643 3.537 3.459 3.332 3.165 1.153 0.771
3.879 3.913 3.924 3.909 3.99 4.059 4.041 4.015 4.083 4.117 4.083 4.08 3.856 3.815 3.865 3.838 3.858 3.963 3.93 3.861 3.878 3.925 3.957 3.942 3.869 3.819 3.813 3.799 3.528 3.443 3.28 3.088 3.323 3.578 3.754 3.784 3.792 3.778 3.667 3.638 3.604 3.413 3.601 3.712 3.644 3.589 3.552 3.439 3.401 3.437 3.446 3.342 3.395 2.624 1.023 1.509 2.409 2.742 2.988 1.491 2.418 3.132 3.51 3.643 3.598 3.639 3.648 3.596 3.614 3.596 3.529 3.401 2.943 1.616 0.791
3.759 3.856 3.951 4.03 4.01 4.027 4.015 3.912 3.955 4.013 4.055 4.011 3.793 3.789 3.913 3.969 3.938 3.978 3.959 3.919 3.88 3.962 4.051 3.976 3.907 3.968 4.019 3.982 3.845 3.73 3.762 3.743 3.7 3.738 3.817 3.769 3.787 3.801 3.808 3.721 3.711 3.637 3.629 3.668 3.71 3.66 3.578 3.386 3.443 3.511 3.409 3.243 3.09 2.231 2.197 2.286 2.604 2.968 3.016 3.232 3.404 3.517 3.559 3.64 3.675 3.636 3.615 3.632 3.61 3.665 3.559 3.395 2.256 0.63 0.901
3.818 3.915 4.022 3.994 3.962 4.047 3.999 3.945 4 3.992 3.975 3.92 3.803 3.725 3.805 3.898 3.881 3.957 4.006 3.916 3.961 4.022 4.02 3.982 3.905 3.962 4.076 4.007 3.999 3.977 3.936 3.906 3.878 3.834 3.878 3.902 3.887 3.9 3.908 3.733 3.675 3.73 3.679 3.632 3.679 3.556 3.442 3.222 3.339 3.529 3.561 2.44 2.254 2.284 2.367 2.383 2.773 3.374 3.563 3.671 3.681 3.641 3.717 3.708 3.715 3.725 3.708 3.663 3.667 3.717 3.567 3.271 1.919 0.687 1.898
3.654 3.796 3.733 3.816 3.873 3.877 3.925 3.944 3.962 4.038 4.038 3.927 3.777 3.733 3.784 3.828 3.857 3.934 3.953 3.954 3.962 4.022 4.027 3.971 3.965 3.903 3.935 3.973 3.99 3.972 3.981 4.012 3.947 3.946 3.938 3.944 3.979 3.904 3.955 3.891 3.878 3.829 3.596 3.622 3.338 3.341 3.213 3.118 3.229 3.4 3.591 2.027 2.328 2.488 2.541 1.683 2.727 3.53 3.662 3.682 3.737 3.725 3.815 3.833 3.785 3.776 3.724 3.639 3.686 3.681 3.388 2.251 1.108 2.234 3.151
3.3 3.51 3.616 3.711 3.786 3.822 3.822 3.869 3.905 3.931 3.886 3.821 3.801 3.763 3.793 3.849 3.871 3.994 4.056 3.948 3.941 3.924 4.01 3.923 3.894 3.947 4.021 3.996 3.977 3.97 3.998 3.979 3.939 3.909 3.959 3.974 3.973 3.937 3.926 3.868 3.81 3.377 3.246 3.153 3.104 3.061 2.972 2.898 3.063 3.226 3.366 3.1 2.821 2.613 2.14 2.736 3.291 3.496 3.669 3.748 3.732 3.759 3.787 3.751 3.779 3.843 3.725 3.674 3.601 3.293 2.259 1.049 1.737 2.523 3.214
3.299 3.297 3.451 3.541 3.594 3.691 3.873 3.864 3.829 3.846 3.854 3.81 3.71 3.796 3.89 3.948 3.94 3.907 3.991 3.956 3.945 3.98 3.963 3.94 3.949 3.98 4.019 4.057 4.077 4.02 4.063 4.024 3.934 3.753 3.901 4 4.044 4.078 3.924 3.612 3.475 3.011 2.713 2.341 2.277 2.38 2.488 2.741 2.941 3.001 2.941 2.952 2.827 2.74 2.641 3.185 3.471 3.67 3.675 3.68 3.806 3.792 3.755 3.731 3.759 3.81 3.712 3.688 3.48 2.788 1.241 0.721 2.575 3.495 3.635
3.566 3.522 3.33 3.315 3.387 3.5 3.637 3.762 3.77 3.803 3.776 3.751 3.747 3.787 3.929 3.978 3.928 3.968 4.011 3.923 3.96 3.951 3.961 4.046 4.008 4.036 4.087 4.019 4.063 4.006 4.033 3.995 3.907 3.861 3.903 3.875 3.986 4.02 3.71 3.233 3.031 2.403 1.183 0.32 0.347 1.128 1.342 2.176 2.363 2.592 2.805 2.94 2.584 3.171 3.459 3.504 3.548 3.583 3.684 3.671 3.725 3.755 3.823 3.766 3.703 3.725 3.649 3.546 3.17 2.913 1.428 2.523 3.425 3.669 3.718
3.782 3.717 3.633 3.598 3.419 3.507 3.499 3.489 3.611 3.619 3.65 3.777 3.823 3.824 3.913 4.035 4.02 3.996 3.964 4.006 4.053 3.99 3.922 3.936 3.875 3.972 4.088 4.053 4.083 4.051 4.011 3.921 3.815 3.812 3.969 4.02 4.096 3.979 3.725 3.254 3.038 2.915 1.269 0.483 0.294 0.582 1.181 1.842 2.02 2.227 2.496 2.624 2.988 3.234 3.385 3.596 3.674 3.734 3.723 3.753 3.754 3.693 3.798 3.684 3.699 3.669 3.542 3.395 3.12 1.757 1.868 2.73 3.314 3.634 3.661
3.747 3.686 3.7 3.65 3.671 3.64 3.535 3.486 3.551 3.61 3.665 3.626 3.694 3.73 3.804 3.931 4.066 4.174 4.109 4.041 4.046 3.974 3.96 3.956 3.932 4.048 4.037 4.032 4.137 4.066 3.966 3.944 3.921 3.976 4.018 4.04 4.096 4.071 3.827 3.481 3.277 3.121 2.898 2.607 1.942 0.784 1.035 1.495 1.515 1.648 1.967 2.241 2.914 3.369 3.552 3.68 3.682 3.676 3.72 3.77 3.787 3.782 3.74 3.703 3.692 3.7 3.532 3.365 3.289 2.828 1.716 1.347 2.179 3.105 3.297
3.786 3.699 3.713 3.788 3.856 3.813 3.757 3.773 3.7 3.75 3.786 3.679 3.683 3.699 3.79 3.792 3.882 3.969 3.983 4.022 3.991 4.002 4.006 4.06 4.024 4.07 4.101 4.116 4.079 3.973 3.991 4.007 3.926 3.934 3.99 4.057 4.034 3.971 3.892 3.732 3.547 3.375 3.231 3.145 2.982 2.892 1.522 1.202 1.52 1.548 1.091 2.155 3.165 3.344 3.443 3.549 3.61 3.682 3.733 3.766 3.794 3.841 3.705 3.663 3.642 3.685 3.565 3.477 3.498 3.465 3.022 2.492 1.762 2.01 2.108
3.873 3.794 3.738 3.84 3.925 3.956 3.867 3.876 3.883 3.88 3.823 3.848 3.749 3.775 3.864 3.84 3.843 3.875 3.841 4.016 4.046 4.088 4.048 4.082 4.05 3.919 3.981 4.056 4.051 3.988 3.925 3.871 3.872 3.872 3.991 3.982 3.934 3.892 3.896 3.888 3.848 3.676 3.538 3.58 3.47 2.4 2 1.833 1.85 1.787 0.817 0.555 2.12 2.776 3.165 3.402 3.471 3.467 3.671 3.696 3.738 3.772 3.714 3.652 3.678 3.648 3.551 3.604 3.662 3.735 3.654 3.607 3.241 2.878 2.135
3.817 3.823 3.739 3.78 3.946 3.965 3.925 3.93 3.953 3.896 3.829 3.929 3.948 4.009 3.861 3.735 3.814 3.804 3.757 3.898 3.965 3.965 3.954 4.025 4.022 3.98 3.996 4.079 4.061 3.999 3.989 4.006 3.988 3.935 3.882 3.898 3.866 3.935 3.948 3.905 3.847 3.785 3.763 3.603 3.064 1.476 1.82 2.21 2.15 2.35 2.35 1.487 0.537 1.805 2.887 3.113 3.161 3.286 3.351 3.348 3.431 3.498 3.55 3.453 3.56 3.654 3.617 3.643 3.657 3.77 3.786 3.668 3.664 3.666 3.622
3.906 3.92 3.827 3.846 3.938 3.975 3.866 3.771 3.862 3.902 3.899 3.921 3.936 3.87 3.76 3.797 3.81 3.782 3.82 3.899 3.789 3.81 3.86 3.96 3.988 4.054 4.077 3.98 4.058 4.103 3.998 3.986 3.972 4.02 3.927 3.79 3.727 3.8 3.786 3.817 3.809 3.7 3.733 3.546 2.342 2.379 2.394 2.59 3.005 3.068 2.873 2.687 2.585 2.625 2.564 2.639 2.752 2.9 2.77 2.719 2.911 2.958 3.118 3.315 3.357 3.527 3.514 3.55 3.554 3.632 3.688 3.696 3.655 3.626 3.621
3.862 3.947 3.913 3.872 3.876 4.008 3.989 3.899 3.927 3.909 3.893 3.89 3.867 3.879 3.891 3.974 3.947 3.84 3.845 3.853 3.77 3.836 3.945 4.022 4.005 3.985 3.944 3.927 3.86 3.952 3.919 3.968 3.972 3.918 3.806 3.676 3.609 3.676 3.744 3.75 3.806 3.741 3.546 2.995 1.092 1.952 1.486 2.513 3.576 3.619 3.427 3.436 3.371 2.984 2.414 2.143 1.823 1.952 2.103 2.38 1.892 2.4 2.619 2.901 2.882 3.123 3.126 3.295 3.402 3.475 3.608 3.611 3.624 3.688 3.647
3.877 3.913 3.917 3.816 3.838 3.819 3.873 3.884 3.848 3.834 3.827 3.824 3.795 3.882 3.949 4.029 3.901 3.84 3.835 3.854 3.812 3.817 3.793 3.839 3.899 3.879 3.891 3.882 3.839 3.873 3.831 3.955 4.039 3.962 3.895 3.734 3.607 3.623 3.728 3.743 3.743 3.523 3.316 2.725 2.772 2.482 2.875 3.497 3.715 3.735 3.658 3.629 3.456 3.031 1.937 1.888 0.691 1.025 1.409 1.707 2.055 2.468 2.707 2.681 2.047 2.345 2.527 2.849 3 3.11 3.355 3.167 3.26 3.449 3.517
3.885 3.876 3.882 3.868 3.844 3.795 3.716 3.779 3.827 3.833 3.763 3.838 3.778 3.797 3.897 3.965 3.891 3.739 3.796 3.916 3.95 3.825 3.737 3.788 3.834 3.827 3.894 3.845 3.845 3.832 3.83 3.887 4.001 3.953 3.897 3.848 3.722 3.678 3.703 3.785 3.474 3.156 3.002 3.048 2.935 3.274 3.519 3.585 3.731 3.764 3.788 3.803 3.553 3.11 2.804 2.142 1.528 0.677 0.372 1.076 1.393 1.751 2.169 2.34 2.127 1.847 2.042 1.748 2.418 2.557 2.671 2.533 2.864 3.264 3.371
3.913 3.787 3.781 3.816 3.852 3.62 3.586 3.673 3.765 3.809 3.78 3.837 3.77 3.719 3.825 3.837 3.864 3.882 3.868 3.85 3.932 3.865 3.729 3.687 3.684 3.564 3.744 3.783 3.683 3.559 3.64 3.7 3.798 3.989 4.044 3.893 3.779 3.672 3.591 3.554 3.075 2.824 2.909 3.204 2.743 3.199 3.638 3.714 3.761 3.784 3.822 3.841 3.633 3.446 3.082 2.858 2.41 2.172 1.956 1.441 1.11 1.157 1.59 2.039 1.924 1.558 1.938 2.553 2.208 1.567 1.509 0.975 1.9 2.634 2.695
3.839 3.754 3.76 3.762 3.738 3.652 3.487 3.604 3.721 3.796 3.936 3.883 3.657 3.638 3.732 3.728 3.81 3.942 3.872 3.889 3.971 3.991 4.038 3.876 3.808 3.742 3.742 3.717 3.584 3.606 3.585 3.509 3.662 3.886 3.887 3.925 3.831 3.703 3.596 3.516 2.067 2.544 2.973 3.051 3.351 3.688 3.821 3.848 3.881 3.859 3.952 3.932 3.856 3.686 3.421 3.035 2.757 2.556 2.104 1.081 0.827 1.067 1.646 2.194 2.069 2.269 2.969 3.315 3.192 1.387 1.505 1.039 1.339 0.483 1.368
3.684 3.637 3.544 3.597 3.651 3.541 3.207 3.467 3.605 3.638 3.776 3.717 3.604 3.57 3.569 3.522 3.653 3.731 3.697 3.775 3.889 3.9 3.858 3.824 3.871 3.803 3.742 3.703 3.569 3.342 3.261 3.311 3.434 3.739 3.791 3.783 3.689 3.651 3.278 2.792 1.622 2.441 3.117 3.262 3.534 3.734 3.827 3.884 3.963 3.969 3.986 3.963 3.884 3.81 3.63 3.42 2.961 2.656 2.046 1.256 0.705 0.891 1.91 2.507 2.688 3.198 3.565 3.515 3.45 3.348 2.984 3.025 2.477 1.07 1.673
