sandwich_town_neck.asc
ncols         753
nrows         465
xllcorner     -70.4830910123
yllcorner     41.7628803799
cellsize      0.0000105235594674
nodata_value  -9999.0
[rows 248 to 278 of 465, columns 355 to 425 of 753]
14.647 15.182 15.212 14.98 14.732 14.472 14.41 14.18 14.055 13.753 13.535 13.139 13.062 12.694 12.67 12.653 12.547 12.241 12.014 11.871 11.832 11.698 11.624 11.513 11.448 11.347 11.315 11.138 10.949 10.643 10.383 10.099 10.097 9.756 9.664 9.575 9.422 9.338 9.08 8.929 8.748 8.739 8.854 8.573 8.532 8.428 8.33 8.271 8.208 8.086 7.957 7.914 7.876 7.752 7.762 7.599 7.583 7.553 7.559 7.387 7.433 7.33 7.376 7.293 7.369 7.171 7.258 7.062 6.974 6.978 6.804
15.055 15.152 15.09 14.779 14.469 14.31 14.233 14.111 14.281 13.59 13.32 12.955 12.562 12.582 12.522 12.491 12.434 12.299 11.987 11.721 11.626 11.627 11.503 11.447 11.412 11.407 11.385 11.26 11.04 10.868 10.68 10.306 10.395 10.186 10.078 9.824 9.63 9.442 9.245 9.166 8.98 8.872 8.753 8.705 8.699 8.665 8.569 8.426 8.4 8.291 8.248 8.132 8.035 7.922 8.003 7.915 7.874 7.777 7.777 7.815 7.698 7.535 7.498 7.471 7.445 7.34 7.138 6.999 6.929 6.949 6.837
15.299 15.307 14.797 14.42 14.329 14.321 14.1 14.085 13.478 13.362 13.005 12.785 12.754 12.602 12.36 12.349 12.493 12.155 11.845 11.671 11.639 11.606 11.514 11.416 11.331 11.336 11.298 11.254 11.166 10.914 10.827 10.617 10.61 10.211 10.13 9.845 9.818 9.778 9.639 9.505 9.25 9.182 9.214 9.04 8.933 8.778 8.694 8.694 8.586 8.464 8.378 8.413 8.418 8.176 8.259 8.207 7.97 8.029 7.948 7.816 7.814 7.897 7.645 7.593 7.55 7.427 7.294 7.178 7.146 7.083 7.05
15.238 15.038 14.807 14.419 14.12 14.09 13.73 13.713 13.155 13.04 12.848 12.729 12.638 12.525 12.304 12.411 12.329 11.916 11.831 11.643 11.581 11.488 11.409 11.348 11.236 11.182 11.241 11.306 11.342 11.074 10.791 10.73 10.629 10.444 10.312 10.249 10.041 9.882 9.813 9.663 9.621 9.471 9.33 9.201 9.1 9.014 8.908 8.802 8.795 8.74 8.615 8.571 8.611 8.339 8.469 8.374 8.298 8.211 8.092 7.929 7.918 7.964 7.65 7.641 7.68 7.489 7.478 7.336 7.169 7.267 7.248
14.989 14.611 14.436 14.292 14.102 13.787 13.583 13.342 13.083 12.814 12.728 12.625 12.436 12.321 12.123 12.156 12.079 11.457 11.52 11.384 11.279 11.331 11.284 11.258 11.161 11.168 11.235 11.241 11.245 11.14 11.04 10.774 10.563 10.497 10.401 10.19 10.142 10.041 9.948 9.855 9.836 9.578 9.477 9.393 9.26 9.228 9.284 9.024 9.054 9.043 8.921 8.877 8.823 8.777 8.705 8.462 8.498 8.442 8.269 8.25 8.112 8.066 7.976 7.82 7.759 7.667 7.581 7.597 7.426 7.358 7.316
14.678 14.376 14.162 13.86 13.812 13.517 13.322 13.183 12.906 12.69 12.664 12.406 12.251 12.188 11.802 11.584 11.463 11.432 11.231 11.206 11.122 11.143 11.263 11.156 11.083 10.951 11.092 11.07 11.171 11.045 10.947 10.781 10.633 10.491 10.341 10.312 10.088 10.026 10.005 9.869 9.815 9.848 9.735 9.604 9.684 9.59 9.567 9.461 9.276 9.288 9.146 9.277 8.999 9.232 9.015 8.784 8.83 8.684 8.633 8.541 8.267 8.091 8.223 7.997 7.887 7.846 7.695 7.768 7.476 7.541 7.38
14.497 14.153 14.068 13.879 13.726 13.398 13.196 12.985 12.724 12.379 12.304 12.169 12.08 11.814 11.469 11.474 11.35 11.234 11.208 11.032 11.134 11.093 11.083 10.991 11.028 11.068 10.895 11.006 11.028 10.981 10.953 10.733 10.583 10.528 10.356 10.235 10.111 10.019 9.999 9.954 9.96 9.791 9.776 9.729 9.726 9.716 9.712 9.698 9.627 9.597 9.561 9.585 9.48 9.451 9.309 9.03 9.186 9.025 8.87 8.761 8.622 8.393 8.399 8.258 8.176 8.027 7.984 7.94 7.701 7.592 7.553
14.079 13.957 13.9 13.682 13.452 13.231 12.825 12.619 12.261 12.201 11.993 12.052 12.158 11.592 11.427 11.49 11.263 11.152 11.034 11.01 10.952 10.963 11.03 10.979 10.945 10.768 10.795 10.843 10.819 10.703 10.81 10.619 10.472 10.46 10.28 10.085 10.096 9.986 9.845 9.876 9.823 9.846 9.82 9.778 9.798 9.825 9.809 9.878 10.002 9.923 9.968 9.91 9.771 9.836 9.784 9.617 9.356 9.383 9.063 9.032 9.085 8.733 8.666 8.617 8.439 8.365 8.215 8.024 7.95 7.946 7.8
13.877 13.696 13.64 13.501 13.212 13.181 12.567 12.585 12.393 12.161 12.145 12.218 12.193 11.789 11.543 11.524 11.226 11.031 10.854 10.744 10.798 10.678 10.713 10.687 10.74 10.78 10.661 10.654 10.626 10.706 10.699 10.473 10.478 10.394 10.328 10.147 10.013 9.965 9.8 9.71 9.765 9.713 9.757 9.8 9.746 9.922 9.922 10.049 10.223 10.187 10.325 10.251 10.319 10.08 9.992 9.776 9.52 9.668 9.535 9.43 9.267 9.079 8.879 8.802 8.648 8.365 8.4 8.23 8.24 8.262 8.206
13.609 13.453 13.521 12.995 12.933 12.73 12.456 12.431 12.323 12.376 12.147 12.048 11.968 11.451 11.187 11.089 11.113 10.98 10.59 10.349 10.388 10.532 10.577 10.56 10.526 10.626 10.566 10.585 10.562 10.473 10.451 10.28 10.345 10.184 10.168 10.144 9.975 9.812 9.737 9.676 9.727 9.705 9.788 9.821 9.837 9.928 9.945 10.295 10.336 10.565 10.607 10.63 10.689 10.377 10.261 10.268 10.068 10.011 9.909 9.727 9.449 9.426 9.182 9.05 8.997 8.76 8.786 8.722 8.494 8.404 8.341
13.311 13.271 13.125 12.992 12.729 12.107 11.882 12.042 11.881 12.016 12.037 11.947 11.764 11.496 11.296 11.025 10.725 10.571 10.579 10.405 10.338 10.145 10.313 10.384 10.499 10.487 10.248 10.374 10.517 10.509 10.465 10.366 10.416 10.241 10.165 9.95 9.81 9.696 9.582 9.634 9.568 9.576 9.605 9.8 9.873 9.898 10.145 10.258 10.553 10.712 10.981 10.967 10.884 10.915 10.82 10.497 10.455 10.171 10.094 9.923 9.794 9.813 9.579 9.428 9.327 9.18 8.975 9.024 8.895 8.594 8.619
13.186 12.941 13.022 12.508 12.332 12.013 11.851 11.756 11.362 11.786 11.88 11.631 11.603 11.239 10.962 10.67 10.64 10.582 10.376 10.296 10.244 10.147 10.248 10.246 10.139 10.28 10.266 10.376 10.511 10.425 10.42 10.309 10.26 10.078 9.97 9.813 9.711 9.609 9.487 9.522 9.568 9.573 9.576 9.636 9.783 9.869 10.161 10.36 10.634 10.936 11.061 11.226 11.491 11.419 11.405 10.801 10.854 10.6 10.375 10.136 10.106 10.17 9.968 9.752 9.592 9.526 9.435 9.421 9.269 8.937 8.977
12.506 12.537 12.465 12.258 12.136 11.694 11.386 11.201 11.083 11.25 11.333 11.374 11.386 11.109 10.738 10.487 10.186 10.276 10.111 10.115 9.941 10.026 10.061 10.123 10.158 10.163 10.247 10.405 10.333 10.4 10.484 10.323 10.119 9.898 9.811 9.708 9.567 9.456 9.503 9.506 9.442 9.471 9.532 9.656 9.799 9.961 10.257 10.644 10.915 11.319 11.488 11.465 11.544 11.628 11.676 11.464 11.195 11.079 10.763 10.557 10.423 10.432 10.315 10.11 9.727 9.895 9.852 9.702 9.475 9.448 9.388
12.168 11.97 12.108 11.659 11.508 11.348 11.004 10.984 10.824 11.2 11.089 11.256 11.177 10.484 10.476 10.108 10.166 10.045 9.834 9.729 9.744 9.999 10.045 10.076 10.033 10.121 10.16 10.333 10.261 10.369 10.408 10.159 9.921 9.775 9.708 9.562 9.51 9.549 9.403 9.405 9.288 9.388 9.411 9.519 9.823 10.15 10.654 11.132 11.304 11.443 11.59 11.88 11.818 11.827 11.871 11.874 11.842 11.783 11.196 11.001 10.907 10.777 10.565 10.336 10.304 10.274 10.181 10.077 9.873 9.645 9.586
11.757 11.573 11.648 11.29 11.17 10.792 10.786 10.931 10.547 10.7 10.905 11.002 10.902 10.652 10.277 10.202 10.31 10.068 9.798 9.75 9.914 10.033 9.985 9.97 9.993 10.087 10.082 10.032 10.006 10.139 9.986 9.995 9.714 9.606 9.618 9.369 9.464 9.411 9.289 9.303 9.278 9.372 9.388 9.691 10.076 10.387 10.771 11.107 11.315 11.457 11.487 11.933 11.936 11.936 11.936 11.928 11.918 11.874 11.825 11.221 11.249 11.104 11.151 10.867 10.752 10.553 10.427 10.433 10.403 10.208 9.884
11.216 11.195 11.061 10.862 10.694 10.155 10.295 10.63 10.385 10.484 10.74 10.81 10.519 10.486 10.338 10.23 10.074 9.859 9.594 9.675 9.754 9.816 9.886 9.959 9.925 10.015 9.96 9.962 10.008 10.045 10.092 9.851 9.697 9.412 9.425 9.36 9.313 9.218 9.286 9.252 9.217 9.401 9.675 9.939 10.231 10.78 11.116 11.32 11.411 11.272 11.731 11.968 12.031 11.976 11.95 11.964 11.858 11.811 11.808 11.689 11.569 11.551 11.432 11.331 11.085 10.799 10.994 10.74 10.583 10.62 10.404
10.65 10.572 10.355 10.241 10.097 9.759 9.672 9.627 9.94 10.019 9.909 10.151 10.227 10.259 10.25 10.098 9.884 9.748 9.593 9.872 9.792 9.829 9.756 9.829 9.857 9.737 9.754 9.999 9.819 9.9 9.887 9.772 9.557 9.239 9.275 9.203 9.197 9.136 9.22 9.213 9.24 9.497 9.863 10.486 10.806 10.875 10.952 10.99 11.463 11.618 11.792 11.939 11.983 11.968 11.961 11.901 11.809 11.827 11.83 11.824 11.657 11.79 11.699 11.574 11.387 11.303 11.732 11.417 11.01 10.757 10.706
10.451 10.358 10.09 9.908 9.733 9.611 9.479 9.558 9.51 9.697 9.868 10.017 10.213 10.167 10.167 10.116 9.827 9.757 9.764 9.75 9.803 9.875 10.017 9.846 9.705 9.881 9.823 9.893 9.8 9.565 9.774 9.541 9.419 9.259 9.301 9.162 9.147 9.085 9.122 9.18 9.305 9.772 10.417 10.746 11.008 11.204 11.176 11.159 11.344 12.062 12.1 11.893 12.015 11.927 11.721 11.732 11.659 11.649 11.581 11.485 11.625 11.723 11.675 11.668 11.795 11.713 11.832 11.603 11.576 11.225 11.075
10.489 10.223 10.121 9.792 9.688 9.527 9.353 9.31 9.385 9.557 9.682 9.914 10.086 10.062 10.214 10.032 9.85 9.835 9.678 9.992 9.894 9.922 9.852 9.771 9.506 9.764 9.775 9.85 9.897 9.617 9.477 9.35 9.309 9.195 9.141 9.203 9.148 9.026 9.081 9.225 9.412 9.929 10.561 11.05 11.379 11.287 11.283 11.415 11.666 11.86 11.711 11.6 11.775 11.408 11.552 11.719 11.528 11.5 11.509 11.541 11.547 11.449 11.59 11.546 11.805 11.659 11.717 11.705 11.585 11.479 11.419
10.168 10.316 9.72 9.647 9.517 9.324 9.202 8.969 9.218 9.409 9.72 9.815 10.066 9.929 10.132 10.05 9.91 9.902 9.952 9.988 9.986 9.694 9.813 9.681 9.818 9.771 9.912 9.955 9.819 9.287 9.155 9.147 9.148 9.215 9.241 9.094 9.024 9.02 9.199 9.377 9.757 10.228 10.66 11.15 11.174 11.185 11.296 11.396 11.443 11.498 11.48 11.2 11.335 11.294 11.307 11.483 11.469 11.589 11.571 11.599 11.551 11.39 11.536 11.539 11.629 11.682 11.7 11.581 11.511 11.371 11.461
10.422 10.253 9.775 9.735 9.434 9.286 9.242 9.032 9.028 9.425 9.779 9.82 10.097 10.343 10.355 10.07 9.91 9.959 9.884 9.779 9.65 9.652 9.462 9.625 9.701 9.719 9.702 9.664 9.454 9.131 9.142 9.115 9.083 9.078 9.066 9.078 9.042 9.126 9.244 9.405 9.737 10.51 10.726 10.848 11.117 11.215 11.123 11.118 11.292 11.249 11.091 10.993 10.955 11.064 11.201 11.117 11.203 11.393 11.333 11.456 11.385 11.347 11.431 11.468 11.5 11.562 11.572 11.45 11.351 11.299 11.365
10.673 10.132 9.788 9.577 9.52 9.186 9.024 9.045 9.389 9.69 9.807 10.2 10.321 10.344 10.219 10.014 9.906 9.824 9.801 9.829 9.677 9.404 9.527 9.676 9.774 9.795 9.656 9.556 9.267 9.118 9.053 8.962 9.042 8.96 9.009 8.984 9.034 9.055 9.345 9.849 10.442 10.854 10.743 10.896 10.894 10.929 10.98 11.176 11.117 11.17 10.966 10.943 10.897 10.854 11.089 10.873 11.087 11.343 11.223 11.256 11.378 11.286 11.35 11.351 11.373 11.402 11.46 11.321 11.221 11.255 11.257
10.469 10.176 9.703 9.555 9.336 9.101 8.999 8.963 9.772 9.878 10.025 10.107 10.267 10.352 10.208 9.948 9.869 9.773 9.739 9.735 9.44 9.533 9.56 9.65 9.6 9.54 9.554 9.335 9.096 8.931 8.914 8.973 8.933 8.906 8.932 8.921 8.973 9.166 9.57 9.901 10.375 10.746 10.885 11.068 10.986 10.956 10.972 10.97 10.982 10.922 10.765 10.698 10.755 10.787 10.874 10.85 10.822 10.994 11.051 11.137 11.222 11.171 11.34 11.432 11.352 11.198 11.196 11.118 11.158 11.155 11.089
10.29 9.89 9.597 9.515 9.232 9.204 9.185 9.275 9.68 9.736 10.041 10.069 10.249 10.411 10.376 9.864 9.682 9.663 9.688 9.632 9.664 9.529 9.613 9.604 9.515 9.442 9.373 9.094 9.043 8.925 8.81 8.804 8.882 8.897 8.853 8.967 8.842 9.108 9.899 10.553 10.853 11.067 11.043 11.023 10.952 11.024 10.931 10.92 10.871 10.88 10.622 10.711 10.606 10.641 10.699 10.714 10.734 10.752 11.078 11.075 11.221 11.234 11.183 11.324 11.248 11.211 11.149 11.023 11.071 11.049 11.133
10.388 10.042 9.717 9.518 9.143 8.9 9.187 9.301 9.5 9.684 9.999 10.189 10.172 9.941 9.719 9.578 9.595 9.664 9.715 9.557 9.541 9.746 9.736 9.562 9.358 9.239 9.105 8.985 8.872 8.852 8.849 8.78 8.861 8.763 8.76 8.766 9.049 9.557 10.607 10.835 11.095 11.085 10.983 11.146 11.011 10.908 10.929 10.939 10.763 10.748 10.761 10.712 10.752 10.696 10.602 10.533 10.644 10.654 10.774 10.784 10.932 10.924 11.043 11.129 11.021 10.988 11.023 10.928 10.948 10.905 11.002
10.062 9.543 9.43 9.354 9.215 8.913 9.027 9.214 9.559 9.872 10.013 10.241 10.053 9.68 9.659 9.409 9.365 9.503 9.626 9.694 9.588 9.547 9.589 9.46 9.302 9.124 8.981 8.843 8.82 8.763 8.741 8.785 8.771 8.695 8.853 9.037 9.646 10.156 10.596 11.012 11.027 11.055 11.118 11.033 11.044 10.878 10.773 10.793 10.951 10.706 10.516 10.705 10.723 10.645 10.618 10.562 10.611 10.623 10.74 10.72 10.788 10.988 11.198 10.855 10.847 10.968 10.863 10.887 10.956 10.901 10.9
9.607 9.418 9.298 9.096 9.027 9.108 9.146 9.3 9.524 9.991 10.027 10.022 9.691 9.397 9.238 9.278 9.352 9.45 9.514 9.55 9.69 9.699 9.655 9.333 9.153 9.023 8.922 8.781 8.744 8.786 8.788 8.756 8.784 8.738 9.135 9.555 10.417 10.693 10.797 11.048 11.259 11.191 11.208 11.281 11.183 11.186 11.008 10.93 11.008 10.786 10.78 10.804 10.793 10.625 10.688 10.571 10.433 10.599 10.562 10.53 10.614 11.02 11.171 10.898 10.746 10.761 10.86 10.97 10.802 10.667 10.774
9.472 9.315 9.158 9.118 8.963 9.099 9.193 9.261 9.498 9.694 9.792 9.643 9.463 9.315 9.236 9.32 9.277 9.254 9.37 9.407 9.603 9.565 9.525 9.237 9.037 8.878 8.801 8.708 8.684 8.745 8.686 8.629 8.748 8.998 9.23 9.88 10.66 11.28 11.286 11.319 11.14 11.155 11.406 11.496 11.342 11.286 11.155 11.002 10.976 11.017 10.918 10.867 10.914 10.693 10.803 10.572 10.281 10.389 10.54 10.551 10.562 10.712 10.624 10.677 10.6 10.53 10.794 10.772 10.751 10.71 10.774
9.421 9.171 9.144 9.183 9.042 9.274 9.289 9.349 9.606 9.787 9.543 9.398 9.138 9.149 9.238 9.241 9.094 9.071 9.324 9.373 9.403 9.429 9.432 9.235 8.787 8.643 8.649 8.58 8.502 8.526 8.706 8.684 8.784 9.009 9.804 10.755 11.212 11.585 11.285 11.19 11.366 11.439 11.8 11.742 11.816 11.524 11.085 11.063 10.999 11.043 11.025 10.806 10.832 10.636 10.566 10.38 10.125 10.34 10.326 10.368 10.346 10.325 10.322 10.409 10.545 10.457 10.704 10.655 10.553 10.549 10.641
9.385 9.294 8.985 9.264 9.52 9.454 9.572 9.554 9.583 9.568 9.418 9.18 9.312 9.211 9.257 9.145 9.159 9.237 9.256 9.316 9.321 9.064 8.829 8.763 8.699 8.535 8.554 8.659 8.697 8.541 8.587 8.749 8.94 9.309 10.076 11.378 11.549 11.253 11.191 11.193 11.342 12.29 12.571 12.532 12.302 12.171 12.055 11.041 10.934 10.949 11.186 10.825 10.736 10.483 10.546 10.434 10.204 10.314 10.226 10.255 10.291 10.207 10.172 10.169 10.545 10.409 10.382 10.394 10.443 10.347 10.462
9.481 9.581 9.389 9.411 9.429 9.549 9.727 9.914 9.594 9.299 9.332 9.161 9.165 9.125 9.231 9.144 9.125 9.193 9.183 9.15 9.082 8.895 8.669 8.504 8.403 8.502 8.52 8.547 8.542 8.532 8.538 8.873 9.469 10.033 10.924 11.452 11.356 11.512 11.301 11.452 12.002 12.508 12.9 13.141 12.873 13.321 12.923 11.145 10.837 10.912 10.907 10.914 10.717 10.444 10.454 10.354 10.303 10.298 10.297 10.197 10.321 10.3 10.265 10.255 10.196 10.05 10.246 10.392 10.149 10.13 10.305
