sandwich_east_overwash_utm.asc
ncols         69
nrows         193
xllcorner     376951.413
yllcorner     4624713.550
cellsize      0.875048900218
nodata_value  -9999.0
[rows 72 to 107 of 193, columns 0 to 68 of 69]
11.811 11.586 11.487 11.119 10.887 10.667 10.439 10.145 9.924 9.835 9.552 9.251 9.127 8.907 8.722 8.471 8.3 8.153 7.886 7.722 7.488 7.209 7.008 6.865 6.618 6.474 6.463 6.266 6.104 6.082 6.029 5.877 5.765 5.709 5.555 5.386 5.351 5.287 5.124 5.01 4.793 4.75 4.739 4.626 4.661 4.614 4.582 4.49 4.364 4.375 4.386 4.21 3.993 3.973 3.892 3.888 3.9 3.755 3.63 3.57 3.532 3.375 3.248 3.145 3.07 2.971 3.016 3.02 2.986
13.675 12.576 12.045 11.486 11.33 11.178 10.939 10.639 10.338 10.177 10.033 9.657 9.437 9.251 9.121 8.839 8.608 8.426 8.167 7.958 7.729 7.481 7.24 7.165 6.949 6.779 6.713 6.52 6.315 6.209 6.203 6.072 5.941 5.872 5.755 5.539 5.554 5.478 5.299 5.227 5.037 4.901 4.861 4.781 4.876 4.737 4.691 4.695 4.489 4.454 4.425 4.383 4.139 4.099 4.194 4.093 4.003 3.923 3.801 3.722 3.673 3.518 3.314 3.238 3.11 3.085 3.063 3.069 3.067
15.263 14.163 13.336 12.509 11.944 11.73 11.357 11.084 10.821 10.61 10.511 10.111 9.83 9.644 9.559 9.217 8.903 8.66 8.372 8.098 7.941 7.849 7.487 7.321 7.248 7.044 6.913 6.827 6.635 6.437 6.353 6.217 6.084 6.002 5.993 5.89 5.771 5.631 5.5 5.484 5.293 5.124 5.078 4.935 4.964 4.93 4.876 4.864 4.664 4.564 4.445 4.414 4.355 4.285 4.273 4.189 4.157 4.061 3.895 3.781 3.757 3.653 3.497 3.409 3.254 3.182 3.123 3.144 3.122
16.372 16.194 15.477 14.344 12.812 12.301 11.61 11.42 11.474 11.146 10.794 10.575 10.339 10.06 9.855 9.403 9.237 9.024 8.718 8.559 8.242 8.018 7.886 7.664 7.546 7.456 7.262 7.145 7.032 6.773 6.514 6.356 6.248 6.142 6.068 5.985 5.918 5.831 5.725 5.655 5.483 5.377 5.306 5.14 5.066 5.051 5.016 4.977 4.813 4.745 4.605 4.469 4.461 4.41 4.343 4.312 4.26 4.121 3.997 3.868 3.804 3.72 3.645 3.551 3.387 3.267 3.214 3.243 3.198
17.759 17.756 17.393 16.382 14.606 13.493 12.579 12.069 11.953 11.646 11.371 11.026 10.749 10.459 10.085 9.694 9.626 9.402 9.089 8.98 8.726 8.48 8.291 8.028 7.838 7.741 7.607 7.388 7.242 7.021 6.754 6.568 6.385 6.244 6.214 6.111 6.071 5.993 5.871 5.779 5.649 5.565 5.509 5.337 5.222 5.191 5.146 5.105 4.987 4.934 4.814 4.595 4.543 4.514 4.429 4.445 4.312 4.14 4.119 4.005 3.837 3.72 3.705 3.613 3.447 3.345 3.345 3.365 3.353
18.588 18.392 18.069 17.313 16.027 15.027 13.775 12.902 12.686 12.153 11.846 11.522 11.203 10.877 10.501 10.135 10.006 9.745 9.399 9.303 9.105 8.863 8.634 8.433 8.178 8.004 7.886 7.625 7.425 7.241 7.017 6.824 6.564 6.402 6.446 6.298 6.227 6.118 5.956 5.896 5.813 5.691 5.673 5.51 5.456 5.4 5.295 5.311 5.226 5.042 4.958 4.871 4.776 4.691 4.51 4.497 4.401 4.28 4.205 4.131 3.973 3.885 3.879 3.722 3.55 3.435 3.346 3.386 3.322
19.074 18.812 18.341 17.589 16.813 16.191 15.098 14.337 13.996 13.367 13.109 12.511 11.773 11.275 11.016 10.691 10.406 10.096 9.72 9.553 9.337 9.104 8.913 8.855 8.588 8.292 8.064 7.922 7.735 7.488 7.231 7.079 6.929 6.785 6.743 6.523 6.354 6.275 6.172 6.122 6.08 5.978 5.881 5.751 5.657 5.583 5.402 5.308 5.324 5.235 5.118 5.017 4.856 4.701 4.551 4.473 4.451 4.393 4.306 4.247 4.147 4.047 3.961 3.813 3.703 3.613 3.534 3.532 3.413
19.275 19.155 18.461 17.426 16.85 16.583 16.488 16.621 16.172 16.073 16.229 14.58 12.563 11.555 11.397 11.305 10.925 10.648 10.379 9.942 9.703 9.625 9.243 9.001 8.81 8.557 8.322 8.13 7.936 7.744 7.482 7.285 7.157 6.941 6.76 6.654 6.564 6.409 6.359 6.342 6.207 6.06 5.989 5.89 5.789 5.716 5.556 5.458 5.452 5.375 5.233 5.098 4.926 4.789 4.668 4.524 4.513 4.525 4.423 4.334 4.264 4.166 4.034 3.909 3.841 3.769 3.716 3.687 3.532
19.09 18.818 18.082 17.257 16.819 16.56 16.585 16.746 16.658 16.724 16.87 16.413 15.117 13.35 12.333 12.388 12.139 11.285 10.682 10.332 10.097 9.886 9.62 9.36 9.108 8.76 8.494 8.378 8.203 8.01 7.771 7.511 7.311 7.133 6.927 6.791 6.765 6.627 6.546 6.491 6.326 6.161 6.092 6.01 5.932 5.848 5.719 5.648 5.604 5.515 5.346 5.174 5.038 4.955 4.864 4.683 4.626 4.677 4.546 4.404 4.313 4.232 4.136 4.014 3.926 3.81 3.733 3.728 3.569
18.615 18.602 18.18 17.348 16.984 16.838 16.806 16.916 16.858 17.026 17.382 17.524 16.938 15.172 13.73 13.601 13.1 12.177 11.324 10.779 10.533 10.189 9.962 9.687 9.377 8.972 8.681 8.615 8.445 8.236 8.043 7.756 7.482 7.385 7.229 6.979 6.959 6.9 6.73 6.586 6.481 6.349 6.225 6.157 6.13 6.016 5.849 5.778 5.782 5.724 5.525 5.344 5.249 5.152 5.1 4.998 4.88 4.793 4.651 4.596 4.474 4.283 4.195 4.134 4.045 3.935 3.888 3.853 3.753
18.327 18.374 18.255 17.676 17.56 17.408 17.268 17.309 17.068 17.211 17.789 18.04 17.948 16.934 15.532 14.785 13.929 13.364 12.338 11.346 11.033 10.603 10.224 9.877 9.57 9.248 8.947 8.788 8.57 8.359 8.215 8.026 7.835 7.657 7.52 7.333 7.164 7.021 6.93 6.793 6.596 6.463 6.338 6.291 6.27 6.146 6.023 5.952 5.915 5.852 5.665 5.529 5.44 5.313 5.232 5.107 5.03 4.931 4.786 4.697 4.571 4.441 4.342 4.287 4.211 4.099 4.088 4.013 3.862
18.228 18.089 18.147 18.224 18.55 18.237 18.046 18.058 17.595 17.478 18.039 18.21 18.173 18.74 17.577 15.802 15.447 14.686 13.296 12.34 11.552 10.869 10.458 10.126 9.837 9.523 9.204 8.967 8.749 8.537 8.316 8.089 8.028 7.916 7.706 7.507 7.302 7.222 7.172 6.993 6.782 6.609 6.49 6.444 6.407 6.296 6.171 6.115 6.082 5.974 5.791 5.745 5.677 5.519 5.42 5.271 5.203 5.092 4.947 4.831 4.692 4.618 4.513 4.441 4.352 4.249 4.264 4.168 3.966
17.657 17.889 18.232 18.43 18.608 18.707 18.397 18.003 17.7 17.636 17.85 17.919 18.048 18.721 18.452 17.323 16.641 15.986 14.877 14.225 13.29 11.761 11.063 10.646 10.058 9.784 9.518 9.252 9.036 8.76 8.575 8.36 8.236 8.068 7.911 7.756 7.524 7.44 7.361 7.179 7.009 6.825 6.704 6.608 6.534 6.45 6.338 6.288 6.238 6.091 5.939 5.968 5.915 5.746 5.661 5.502 5.411 5.274 5.13 5.034 4.867 4.779 4.675 4.578 4.423 4.345 4.345 4.289 4.174
17.015 17.276 17.7 18.203 18.555 18.598 18.361 18.008 17.684 17.526 17.586 17.594 17.706 18.299 18.54 18.128 17.563 17.152 16.308 15.71 14.849 13.122 12.065 11.285 10.389 10.079 9.812 9.553 9.368 9.041 8.892 8.7 8.465 8.214 8.142 8.043 7.802 7.64 7.486 7.346 7.251 7.114 6.973 6.785 6.648 6.601 6.565 6.491 6.321 6.216 6.155 6.152 6.04 5.925 5.862 5.697 5.597 5.483 5.315 5.218 5.118 4.991 4.822 4.721 4.656 4.472 4.429 4.413 4.305
16.065 16.416 17.09 17.857 18.412 18.39 18.285 17.985 17.515 17.18 17.197 17.233 17.229 17.648 17.98 18.073 18.016 17.899 17.249 16.439 15.857 14.83 13.391 12.03 10.974 10.432 10.037 9.778 9.693 9.394 9.091 8.839 8.738 8.597 8.342 8.13 7.94 7.776 7.611 7.469 7.408 7.294 7.134 7.012 6.892 6.81 6.761 6.678 6.577 6.437 6.315 6.262 6.108 6.072 6.085 5.952 5.817 5.715 5.58 5.397 5.296 5.227 5.042 4.952 4.882 4.713 4.665 4.597 4.497
14.891 15.436 16.596 17.468 18.187 18.416 18.373 17.849 17.167 16.633 16.564 16.82 16.739 16.783 17.059 17.166 17.211 17.35 17.065 16.906 16.855 15.942 14.563 13.588 12.294 11.137 10.409 10.028 9.778 9.479 9.252 9.127 8.943 8.699 8.489 8.332 8.111 7.92 7.813 7.624 7.508 7.463 7.306 7.176 7.028 6.959 6.952 6.901 6.77 6.6 6.545 6.436 6.23 6.25 6.242 6.154 6.023 5.902 5.836 5.646 5.512 5.461 5.288 5.145 5.085 5.01 4.934 4.804 4.701
14.421 14.705 15.628 16.5 17.719 18.148 17.781 17 16.481 16.09 15.988 16.33 16.151 16.046 16.35 16.424 16.492 16.585 16.551 16.683 16.683 16.404 15.782 15.099 13.969 12.791 11.244 10.209 9.947 9.675 9.418 9.247 9.003 8.78 8.626 8.522 8.299 8.114 8.01 7.777 7.643 7.611 7.458 7.307 7.165 7.115 7.134 7.112 6.946 6.766 6.812 6.671 6.43 6.475 6.37 6.302 6.205 6.047 6.056 5.976 5.792 5.677 5.532 5.223 5.273 5.291 5.123 4.992 4.843
13.808 14.174 14.872 15.593 16.329 17.043 16.54 15.852 15.641 15.468 15.383 15.684 15.598 15.518 15.767 15.855 15.931 15.901 15.964 16.163 16.187 16.355 16.345 15.937 15.248 14.246 12.267 10.668 10.196 9.856 9.533 9.259 9.032 8.876 8.745 8.677 8.493 8.338 8.174 7.926 7.842 7.727 7.582 7.423 7.378 7.324 7.3 7.249 7.184 7.022 7.036 6.957 6.738 6.766 6.647 6.439 6.365 6.284 6.219 6.182 6.044 5.86 5.767 5.639 5.545 5.471 5.303 5.141 5.06
13.152 13.626 14.125 14.73 14.98 15.706 15.225 14.768 14.794 14.881 14.837 15.004 15.105 15.178 15.308 15.421 15.501 15.388 15.426 15.555 15.721 15.864 15.958 15.803 15.624 14.633 13.335 11.763 10.472 9.85 9.507 9.336 9.251 8.984 8.82 8.793 8.642 8.451 8.326 8.109 8.003 7.888 7.717 7.589 7.474 7.463 7.435 7.392 7.313 7.272 7.359 7.248 6.983 6.923 6.972 6.783 6.511 6.505 6.45 6.39 6.296 6.156 5.977 5.947 5.828 5.746 5.553 5.396 5.351
12.535 13.004 13.338 13.917 14.298 14.494 14.364 14.047 14.113 14.461 14.495 14.507 14.665 14.976 15.013 14.983 15.082 15.106 15.233 15.297 15.429 15.524 15.689 15.761 15.69 15.365 14.433 13.282 11.362 10.018 9.609 9.449 9.26 9.012 8.869 8.866 8.716 8.545 8.4 8.221 8.124 7.974 7.853 7.786 7.72 7.715 7.624 7.633 7.575 7.539 7.566 7.398 7.261 7.205 7.234 7.071 6.765 6.758 6.734 6.614 6.557 6.442 6.197 6.216 6.094 6.009 5.858 5.72 5.666
12.3 12.629 12.858 13.298 13.432 13.441 13.645 13.671 13.774 13.957 14.11 14.241 14.295 14.548 14.595 14.71 14.799 14.977 15.036 15.11 15.321 15.391 15.406 15.584 15.696 15.655 15.105 13.998 12.049 10.367 9.779 9.528 9.267 9.065 8.921 8.863 8.768 8.661 8.514 8.374 8.301 8.116 8.011 7.972 7.973 7.973 7.838 7.873 7.835 7.776 7.715 7.531 7.587 7.591 7.446 7.3 7.141 7.043 7.049 6.855 6.833 6.653 6.463 6.48 6.317 6.158 6.212 6.053 5.941
11.928 12.184 12.349 12.567 12.701 12.876 13.016 13.205 13.396 13.437 13.648 13.832 13.878 14.15 14.269 14.477 14.571 14.73 14.824 14.971 15.194 15.279 15.252 15.451 15.662 15.677 15.465 14.356 12.673 10.91 10.062 9.561 9.274 9.116 8.97 8.823 8.822 8.778 8.681 8.582 8.549 8.358 8.198 8.124 8.119 8.152 8.048 7.986 7.9 7.925 7.949 7.93 7.931 7.906 7.773 7.646 7.496 7.355 7.225 7.108 7.103 6.936 6.682 6.605 6.547 6.48 6.364 6.211 6.094
11.361 11.673 11.844 11.909 12.141 12.497 12.512 12.705 12.944 12.949 13.203 13.344 13.484 13.811 14.014 14.261 14.4 14.393 14.642 14.861 14.985 15.124 15.298 15.452 15.589 15.589 15.601 14.899 13.359 11.699 10.546 9.526 9.219 9.068 8.977 8.929 8.88 8.768 8.734 8.661 8.616 8.459 8.432 8.382 8.266 8.254 8.318 8.248 8.15 8.225 8.135 8.174 8.161 8.154 8.076 7.982 7.838 7.76 7.648 7.454 7.331 7.113 7.04 6.929 6.833 6.702 6.468 6.388 6.31
10.661 11.13 11.369 11.451 11.757 12.054 12.203 12.211 12.381 12.564 12.935 12.935 13.273 13.515 13.676 14.088 14.343 14.473 14.607 14.728 14.898 15.101 15.155 15.357 15.474 15.435 15.369 14.919 13.492 12.15 10.874 9.665 9.218 9.102 9.013 8.951 8.836 8.759 8.751 8.677 8.584 8.524 8.545 8.514 8.409 8.425 8.46 8.445 8.384 8.461 8.368 8.405 8.411 8.397 8.353 8.293 8.174 8.18 8.038 7.811 7.685 7.426 7.427 7.282 7.128 6.874 6.628 6.631 6.562
10.494 10.746 10.987 11.236 11.336 11.621 11.814 11.931 11.971 12.282 12.571 12.65 13.005 13.251 13.582 14.007 14.199 14.392 14.492 14.642 14.803 14.999 15.096 15.351 15.397 15.314 15.216 14.792 13.875 12.727 11.254 9.797 9.197 9.089 8.979 8.905 8.794 8.713 8.709 8.668 8.566 8.584 8.596 8.581 8.535 8.583 8.547 8.617 8.599 8.643 8.623 8.645 8.699 8.653 8.616 8.581 8.516 8.57 8.321 8.165 8.213 7.983 7.751 7.546 7.396 7.053 6.965 6.992 6.785
10.385 10.378 10.621 10.881 10.971 11.299 11.514 11.649 11.729 11.994 12.265 12.48 12.849 12.992 13.422 13.85 14.009 14.225 14.395 14.579 14.743 14.902 15.057 15.297 15.272 15.146 15.064 14.641 14.263 13.175 11.745 9.999 9.175 9.014 8.878 8.806 8.766 8.624 8.618 8.643 8.603 8.639 8.622 8.623 8.627 8.646 8.678 8.806 8.805 8.805 8.817 8.921 9.015 8.953 8.91 8.877 8.887 8.817 8.773 8.557 8.403 8.297 8.195 7.837 7.76 7.582 7.421 7.247 6.977
10.188 10.077 10.325 10.512 10.718 11.032 11.203 11.363 11.554 11.735 12.013 12.324 12.723 12.745 13.188 13.604 13.804 13.996 14.323 14.504 14.716 14.833 14.984 15.099 15.035 14.862 14.833 14.627 14.228 13.083 12.454 10.484 9.203 8.891 8.778 8.673 8.658 8.562 8.596 8.564 8.54 8.588 8.656 8.695 8.739 8.667 8.716 8.807 8.918 8.981 9.071 9.154 9.218 9.184 9.323 9.254 9.264 9.168 9.177 9.031 8.758 8.558 8.5 8.206 8.104 7.95 7.757 7.517 7.385
9.848 9.863 10.118 10.221 10.605 10.768 10.787 11.082 11.303 11.59 11.778 11.989 12.404 12.563 13.03 13.319 13.655 13.733 14.093 14.245 14.47 14.623 14.71 14.777 14.793 14.776 14.716 14.381 13.922 13.063 12.663 10.748 9.121 8.757 8.733 8.622 8.592 8.507 8.491 8.504 8.52 8.547 8.606 8.669 8.736 8.749 8.74 8.878 9.013 9.102 9.182 9.294 9.431 9.4 9.681 9.649 9.607 9.657 9.586 9.421 9.253 8.957 8.806 8.593 8.411 8.306 8.111 7.857 7.914
9.41 9.558 9.896 10.12 10.35 10.581 10.677 11.027 11.143 11.384 11.641 11.89 12.113 12.39 12.744 13.036 13.396 13.574 13.846 13.974 14.248 14.43 14.515 14.582 14.604 14.593 14.407 14.077 13.607 12.968 12.41 10.534 9.048 8.706 8.654 8.565 8.528 8.457 8.404 8.466 8.492 8.527 8.562 8.602 8.703 8.833 8.799 8.992 9.067 9.19 9.227 9.434 9.667 9.691 9.992 10.061 9.966 10.264 10.039 9.695 9.872 9.596 9.195 8.944 8.677 8.826 8.656 8.333 8.371
9.286 9.405 9.602 9.912 10.102 10.341 10.448 10.816 10.883 11.198 11.446 11.675 11.824 12.198 12.461 12.796 13.148 13.315 13.582 13.784 14.102 14.238 14.348 14.438 14.423 14.398 13.988 13.698 13.277 12.815 11.907 10.104 9.003 8.706 8.516 8.494 8.455 8.409 8.37 8.445 8.431 8.533 8.581 8.535 8.717 8.849 8.96 9.088 9.049 9.293 9.413 9.787 9.889 10.338 10.433 10.532 10.678 10.708 10.735 10.394 10.301 10.008 9.428 9.664 9.355 9.01 9.033 8.843 8.71
9.118 9.243 9.364 9.609 9.817 10.041 10.146 10.533 10.667 10.988 11.191 11.392 11.571 12.009 12.2 12.576 12.934 12.961 13.315 13.68 14.028 14.029 14.178 14.29 14.212 14.281 13.547 13.205 12.906 12.654 11.573 10.084 8.918 8.639 8.316 8.461 8.383 8.334 8.364 8.448 8.389 8.459 8.509 8.535 8.721 8.882 9.108 9.258 9.591 10.288 10.659 11.24 11.623 11.876 11.512 11.367 11.647 11.246 11.217 10.858 10.831 10.573 10.072 10.11 9.876 9.544 9.458 9.308 9.047
8.799 9.001 9.237 9.211 9.466 9.683 9.823 10.285 10.704 10.659 10.904 11.221 11.434 11.915 11.924 12.257 12.712 12.943 13.066 13.377 13.77 13.791 13.959 13.998 13.934 13.871 13.483 13.124 12.516 12.133 11.35 10.132 8.846 8.512 8.319 8.338 8.235 8.276 8.255 8.351 8.332 8.424 8.448 8.551 8.729 8.994 9.716 10.089 10.472 11.404 12.225 13.149 13.278 13.342 12.913 12.748 12.881 11.864 12.184 11.585 11.376 11.125 10.824 10.571 10.312 10.231 9.89 9.785 9.445
8.639 8.772 8.753 8.905 9.273 9.666 9.517 9.996 10.274 10.414 10.806 11.163 11.29 11.686 11.882 12.147 12.423 12.73 12.869 13.177 13.492 13.535 13.691 13.778 13.714 13.538 13.283 12.927 12.354 11.861 10.831 9.557 8.673 8.395 8.235 8.199 8.13 8.193 8.178 8.248 8.267 8.359 8.393 8.59 8.902 9.494 10.733 11.81 11.907 12.872 13.889 14.988 14.558 14.618 14.508 14.563 14.362 12.767 13.826 12.788 11.92 11.606 11.478 11.338 10.706 10.812 10.29 10.37 9.997
8.222 8.414 8.567 8.746 9.045 9.455 9.387 9.764 10.104 10.318 10.633 11.01 11.182 11.438 11.772 12.035 12.184 12.487 12.702 12.929 13.204 13.327 13.479 13.592 13.511 13.283 13.053 12.647 12.114 11.522 10.085 8.722 8.467 8.278 8.066 8.08 8.085 8.089 8.181 8.179 8.198 8.224 8.351 8.671 9.401 10.728 12.055 14.775 14.32 15.289 15.298 15.622 15.495 15.903 16.003 15.976 16.064 15.392 14.779 14.223 13.255 12.994 12.867 12.085 11.292 11.535 10.888 10.767 10.564
7.864 8.044 8.44 8.613 8.821 9.19 9.439 9.69 10.106 10.327 10.484 10.805 11.102 11.214 11.574 11.894 12.029 12.287 12.557 12.624 12.946 13.206 13.389 13.405 13.29 13.117 12.938 12.344 11.256 10.468 9.412 8.706 8.368 8.087 8.103 7.994 7.988 8.137 8.118 8.141 8.217 8.181 8.393 9.341 10.399 11.473 13.941 15.438 15.467 15.837 15.819 15.98 16.033 16.362 16.651 16.673 16.881 16.826 16.441 15.83 14.789 14.625 15.098 13.973 12.098 13.584 11.887 11.667 11.194
7.672 7.697 8.207 8.428 8.645 9.011 9.667 9.917 10.093 10.376 10.615 10.685 10.996 11.094 11.459 11.798 11.946 12.252 12.445 12.798 13.021 13.123 13.225 13.221 13.136 12.631 12.416 11.802 10.765 9.897 8.954 8.496 8.137 8.06 8.035 7.914 7.974 8.025 8.087 8.146 8.224 8.301 8.822 9.986 11.124 13.226 15.149 15.723 15.944 16.115 16.209 16.216 16.447 16.714 16.991 17.151 17.426 17.697 17.761 17.211 16.494 16.263 16.857 15.908 13.588 15.625 13.244 12.856 12.248
