sandwich_town_neck.asc
ncols         753
nrows         465
xllcorner     -70.4830910123
yllcorner     41.7628803799
cellsize      0.0000105235594674
nodata_value  -9999.0
[rows 341 to 371 of 465, columns 142 to 212 of 753]
4 3.851 3.736 3.684 3.537 3.13 3.276 3.599 3.604 3.623 3.711 3.799 3.863 3.779 3.798 3.671 3.701 3.701 3.571 3.734 3.862 3.799 3.782 3.88 3.799 3.866 3.782 3.784 3.862 3.796 3.705 3.544 3.493 3.462 3.59 3.64 3.843 3.755 3.94 3.771 3.822 3.977 3.773 3.389 3.173 3.108 2.13 3.207 1.925 3.12 2.33 3.672 3.966 3.552 3.999 4.134 3.832 3.867 4.119 4.016 3.935 3.803 3.802 3.507 3.886 3.895 3.833 3.905 3.948 3.819 3.829
3.966 3.901 3.67 3.517 3.276 3.236 3.283 3.214 3.507 3.699 3.606 3.731 3.797 3.897 3.767 3.725 3.765 3.768 3.746 3.799 3.882 3.863 3.799 3.85 3.886 3.928 3.798 3.847 3.842 3.704 3.703 3.625 3.669 3.669 3.753 3.771 3.868 3.884 3.838 3.944 3.871 3.933 4.046 4.175 4.019 4.06 3.966 3.965 3.899 3.053 1.972 1.85 1.984 2.701 3.441 3.434 3.436 3.91 3.957 4.053 3.993 3.898 3.877 3.162 3.667 3.791 3.928 3.834 3.975 3.805 3.737
3.902 3.866 3.574 3.245 3.214 3.223 3.002 3.563 3.549 3.343 3.669 3.602 3.699 3.671 3.724 3.765 3.809 3.88 3.862 3.865 3.897 3.833 3.865 3.993 3.836 3.889 3.8 3.946 3.835 3.805 3.77 3.692 3.737 3.693 3.832 3.804 3.838 3.899 3.997 4.097 4.033 4.062 4.062 4.08 4.058 3.966 4.078 4.126 3.966 3.886 3.852 3.403 4.022 3.695 3.247 2.993 2.639 2.764 3.548 3.561 3.711 3.602 3.452 3.513 3.221 3.424 3.966 3.962 3.954 3.865 3.785
3.996 3.951 3.704 3.259 3.34 3.426 3.296 3.194 3.141 3.632 3.57 3.605 3.669 3.7 3.782 3.8 3.798 3.75 3.672 3.834 3.736 3.875 3.963 3.993 3.948 4.076 3.837 3.926 3.9 3.8 3.898 3.852 3.884 3.743 3.852 4.011 3.998 3.901 3.916 4.092 4.013 4.13 4.099 4.105 3.999 4.112 4.035 4.065 4 4.03 4 3.966 4.059 3.891 4.006 3.901 3.77 3.959 3.614 2.683 2.918 3.301 3.504 3.707 3.646 3.764 3.851 3.908 3.992 3.868 3.85
3.963 4.014 3.866 3.316 3.347 3.572 3.64 3.376 2.698 3.183 3.402 3.654 3.619 3.684 3.832 3.799 3.767 3.83 3.843 3.928 3.851 3.927 3.846 3.899 3.971 3.995 3.993 3.817 3.981 3.965 3.856 3.867 3.87 4.031 4.049 3.998 4.062 4.042 4.082 4.03 3.9 4.143 4.163 4.177 4.149 4.162 4.192 4.065 4.033 4.112 4.162 4.018 3.987 4.006 3.964 4.095 3.935 3.978 4.059 4.027 3.578 3.538 3.619 3.745 3.768 3.873 3.928 3.975 3.933 3.832 3.96
3.948 3.999 3.931 3.786 3.932 3.865 3.836 3.477 3.736 2.859 2.887 3.362 3.533 3.634 3.719 3.863 3.766 3.768 3.766 3.848 3.946 3.784 3.738 3.894 3.997 3.967 3.899 3.965 3.864 3.993 4.095 3.966 3.937 4 4.126 4.034 4.096 4.097 4.212 4.099 3.938 4.124 4.127 4.127 4.113 4.081 4.098 4.108 4.097 4.181 4.118 4.08 4.049 4.082 4.097 4.093 3.999 3.998 3.98 3.572 3.376 3.631 3.734 3.642 3.832 3.947 3.868 3.767 3.892 3.832 3.929
3.901 3.957 4.014 3.931 3.948 3.902 3.934 3.963 3.818 3.443 3.507 2.949 3.551 3.631 3.795 3.834 3.701 3.832 3.85 3.8 3.928 3.865 3.994 3.799 4.108 4.11 3.996 3.996 3.866 3.964 4.113 4.081 4.107 4.113 4.064 3.998 3.964 3.965 4.223 4.064 4.128 4.114 4.145 4.131 4.127 4.094 4.113 4.145 4.002 4.095 4.1 4.145 4.225 4.226 4.182 4.034 4.067 4.033 4.03 2.91 3.499 3.796 3.929 3.962 3.962 3.929 3.869 3.801 3.801 3.898 3.991
3.917 3.949 3.996 4.021 3.964 3.963 3.916 3.995 3.894 3.835 3.483 2.952 3.238 3.37 3.6 3.911 3.736 3.671 3.914 3.751 3.875 4.061 4.028 3.832 4.061 4.048 4.063 4.157 3.998 4.09 4.127 4.082 3.965 4.035 4.08 3.985 3.936 4.075 4.035 4.046 4.162 4.183 4.098 4.16 4.11 3.983 4.157 4.177 4.16 4.032 4.095 4.051 4.079 4.062 4.094 4.161 4.097 4.124 3.964 3.869 3.931 3.914 3.883 3.819 3.979 3.91 3.896 3.705 3.829 4.024 3.871
4.046 3.966 3.995 4.032 4.031 3.935 3.981 3.932 3.916 3.8 3.836 3.465 2.76 2.98 3.229 3.695 3.96 3.786 3.912 3.861 3.929 4.06 3.871 3.8 4.017 4.124 4.03 4.126 4.03 3.995 4.064 4.163 3.984 3.95 4.031 4.018 4.033 4.227 4.21 4.096 4.12 4.063 3.999 4.188 4.064 4.125 4.095 4.149 4.129 4.158 4.19 4.099 4.096 4.138 4.098 4.126 3.997 3.982 3.9 3.948 3.896 3.938 3.915 3.993 4.044 3.935 3.914 3.899 3.96 3.896 4.048
4.095 3.867 3.916 4.016 4.014 4.013 3.967 3.901 4.013 3.912 3.899 3.85 3.699 3.304 3.404 3.374 3.636 3.763 3.636 3.899 3.964 3.93 4.108 3.967 4.045 3.965 3.966 4.062 3.93 4.03 4.099 4.114 4.064 4.098 4.046 4.015 4.065 4.117 4.099 3.92 4.125 4.081 4.063 3.937 4.071 4.032 4.073 4.031 4.042 3.967 4.03 4.16 4.032 4.11 4.127 4.127 3.998 3.996 4.077 4.06 3.808 3.832 3.915 3.898 3.946 4.024 3.867 3.866 3.754 3.737 3.963
4.053 4.049 3.931 3.999 3.999 4.13 4.08 3.949 3.916 4.092 3.804 3.863 3.571 3.649 3.571 3.571 3.652 3.701 3.82 3.941 3.864 4.013 3.93 4.028 3.931 4.062 4.092 4.029 3.996 4.19 4.207 4.114 4.033 4.063 4.04 3.985 4.048 4.035 4.145 4.128 4.033 4.079 4.126 4.094 4.031 4.111 4.048 3.872 4.044 4.079 3.92 4.014 4.189 4.095 4.112 4.158 4.033 4.06 3.999 3.947 4.061 4.011 3.9 3.834 3.896 3.85 3.975 3.916 3.9 3.899 3.994
4.13 4.063 4.085 4.033 4.064 4.112 4.049 4.041 4.048 3.949 3.995 3.834 3.636 3.718 3.704 3.796 3.735 3.864 3.835 4.029 3.954 4.012 3.93 3.993 4.091 4.063 4.062 3.994 4.128 3.929 3.996 4.062 4.031 4.047 4.063 4.061 4.112 4.19 4.163 4.081 3.967 4.03 4.062 3.985 3.87 4.028 4.032 3.996 4.032 4.111 4.098 4.127 4.191 4.08 4.127 4.066 4.079 4.032 4.062 3.936 3.993 3.915 3.833 3.975 4.061 3.873 3.946 3.992 3.961 4.005 4.01
4.065 4.049 4.096 4.129 3.998 3.996 4.08 3.999 4.045 4.039 4 4.065 3.738 3.767 3.765 3.636 3.816 3.608 3.882 3.978 3.997 3.947 3.997 4.044 3.995 4.092 4.092 3.901 4.108 3.866 3.986 3.984 4.081 4.227 4.179 3.999 4.054 4.001 3.965 4.028 4.097 3.966 4.095 4.097 3.901 3.869 4.029 3.918 4.058 4.157 4.228 4.129 4.142 4.015 4.206 4.164 4.159 4.063 3.9 4.029 3.935 3.883 3.926 3.899 3.961 4.09 4.014 3.919 3.932 3.897 3.9
4.094 4.016 4.064 3.996 3.902 3.981 4.063 4.094 4.05 3.935 4.031 4.158 3.949 3.85 3.817 3.778 3.897 3.9 4.031 3.802 3.947 3.966 3.901 4.108 4.063 4.031 3.948 3.93 3.999 3.93 4.09 4.033 4.195 4.146 4.099 3.966 3.966 4.142 3.999 3.982 4.029 4.061 3.982 3.997 3.966 3.933 3.899 3.934 3.964 3.997 4.193 4.208 4.243 4.146 4.161 4.159 4.098 4.063 3.965 4.077 3.942 3.932 3.885 4.092 4.018 4.093 3.999 3.979 3.968 3.869 3.991
4.05 3.964 3.955 3.952 3.996 4.037 4.003 4.013 4.034 4.077 4.093 4.013 3.96 3.923 3.912 3.933 3.916 3.992 4.032 4.073 4.016 3.942 3.962 3.957 4.045 4.095 4.038 4.055 4.088 4.074 4.047 4.033 4.047 4.053 4.05 4.01 3.971 3.991 4.069 4.08 4.082 4.101 4.12 4.106 4.033 3.997 4.014 4.067 4.119 4.158 4.155 4.02 4.051 4.102 4.092 4.092 4.062 4.007 4.019 4.031 3.987 3.95 4.03 4.071 4.046 4.027 4.033 4.036 4.005 4.004 3.997
3.999 3.971 3.935 3.915 3.949 4.009 3.934 3.953 4.031 4.023 3.984 4.09 4.145 4.029 3.944 3.967 4.013 4.043 4 3.999 4.066 4.104 4.064 3.961 4.015 4.145 4.122 4.084 4.112 4.158 4.116 4.059 4.081 4.115 4.112 4.07 4.056 4.119 4.172 4.134 4.1 4.045 3.977 4.014 4.02 3.987 3.999 4.025 4.063 4.104 4.086 4.058 4.009 4.009 4.029 4.02 4.071 4.127 4.068 4.012 3.975 3.939 3.968 3.998 3.998 3.987 4.001 4.019 4.027 4.011 3.975
3.934 3.919 3.888 3.914 3.962 4.03 4.074 4.004 3.974 3.962 3.954 4.041 4.071 4.041 4.023 3.933 3.954 4.036 4.062 4.04 4.069 4.084 4.084 4.099 4.1 4.115 4.123 4.135 4.127 4.114 4.107 4.126 4.198 4.196 4.074 4.053 4.05 4.042 4.163 4.158 4.053 4.018 3.992 3.945 3.983 3.992 4.008 4.038 3.985 4.052 4.095 4.06 4.05 4.011 3.998 3.97 4.012 4.086 4.061 4.015 4.023 4.045 4.029 4.027 4.046 3.994 3.965 3.99 4.056 4.077 4.079
3.894 3.973 3.911 3.916 3.959 4.01 4.009 4.008 4.014 3.989 3.985 3.955 3.975 4.029 4.044 3.992 3.998 4.083 4.118 4.052 4.012 4.05 4.088 4.108 4.118 4.094 4.101 4.14 4.073 4.045 3.982 4.073 4.201 4.213 4.107 4.058 4.083 4.11 4.166 4.127 4.092 4.031 4.057 4.119 4.087 4.074 4.036 4.049 4.063 4.071 4.07 4.074 4.004 3.96 3.983 3.935 3.996 4.064 4.048 4.015 4.074 4.065 4.048 4.104 4.059 4.02 4.03 4.031 4.037 4.046 4.093
3.794 3.884 3.945 3.997 3.941 3.932 3.986 4.03 4.029 4.025 4.058 4.065 4.064 4.04 4.085 4.153 4.102 4.076 4.106 4.13 4.06 4.051 4.088 4.075 4.074 4.081 4.152 4.16 4.1 4.089 4.095 4.134 4.212 4.2 4.065 4.109 4.08 4.028 4.065 4.078 4.079 4.086 4.09 4.077 4.071 4.079 4.117 4.097 4.068 4.107 4.055 4.061 4.119 4.101 4.036 4.001 4.02 4.037 4.067 4.099 4.124 4.113 4.073 4.082 4.019 4.004 4.048 4.041 4.032 4.019 4.018
3.474 3.735 3.864 3.944 3.963 3.959 3.991 3.975 3.959 4.025 4.064 4.088 4.117 4.033 4.048 4.139 4.144 4.104 4.088 4.087 4.114 4.147 4.187 4.141 4.058 3.989 4.064 4.103 4.065 4.087 4.092 4.087 4.145 4.161 4.061 4.089 4.111 4.067 4.117 4.158 4.142 4.135 4.134 4.081 4.087 4.083 4.094 4.117 4.134 4.155 4.135 4.138 4.154 4.124 4.038 4.014 4.023 4.002 4.064 4.07 4.047 4.103 4.115 4.088 4.061 4.067 4.078 4.033 4.033 4.093 4.029
2.557 3.255 3.745 3.936 3.995 3.948 3.924 3.941 4.035 4.099 4.087 4.054 4.056 4.028 4.013 4.037 4.064 4.063 4.122 4.168 4.167 4.082 4.08 4.134 4.114 4.143 4.194 4.142 4.037 4.086 4.102 4.062 4.108 4.101 4.092 4.13 4.081 4.111 4.166 4.129 4.122 4.152 4.177 4.134 4.108 4.11 4.095 4.081 4.087 4.13 4.141 4.132 4.096 4.116 4.122 4.09 4.094 4.025 4.04 4.08 4.099 4.131 4.132 4.13 4.078 4.067 4.058 3.989 4.031 4.146 4.195
2.427 3.167 3.457 3.766 3.989 4.028 4.045 4.089 4.107 4.094 4.066 4.038 4.021 4.071 4.06 4.047 4.061 4.069 4.077 4.126 4.139 4.11 4.149 4.176 4.203 4.238 4.179 4.11 4.103 4.13 4.15 4.11 4.093 4.109 4.083 4.13 4.187 4.202 4.214 4.1 4.062 4.112 4.152 4.124 4.043 4.069 4.089 3.967 3.992 4.133 4.164 4.145 4.123 4.175 4.157 4.078 4.112 4.141 4.168 4.196 4.202 4.14 4.141 4.106 4.14 4.145 4.162 4.19 4.124 4.192 4.207
1.497 2.357 3 3.363 3.692 3.951 4.009 4.019 4.025 4.036 4.037 4.017 4.093 4.138 4.07 3.977 3.987 4.046 4.071 4.101 4.076 4.086 4.123 4.131 4.186 4.206 4.173 4.11 4.114 4.151 4.181 4.165 4.141 4.151 4.169 4.132 4.195 4.261 4.195 4.083 4.062 4.109 4.194 4.148 4.041 4.039 4.111 4.068 4.048 4.102 4.149 4.152 4.144 4.151 4.113 4.13 4.22 4.256 4.26 4.286 4.266 4.241 4.173 4.144 4.199 4.23 4.265 4.219 4.188 4.2 4.141
1.019 1.497 2.186 2.875 3.352 3.641 3.711 3.834 4.001 4.034 4.079 4.139 4.166 4.177 4.086 3.931 3.942 3.993 4.065 4.104 4.077 4.073 4.078 4.095 4.138 4.166 4.216 4.169 4.152 4.155 4.095 4.127 4.184 4.153 4.179 4.23 4.206 4.168 4.116 4.066 4.053 4.161 4.221 4.104 4.067 4.086 4.092 4.139 4.093 4.066 4.121 4.168 4.156 4.156 4.141 4.158 4.222 4.227 4.225 4.217 4.183 4.18 4.138 4.206 4.255 4.218 4.259 4.223 4.208 4.234 4.163
0.811 1.158 1.62 2.435 3.081 3.177 3.264 3.589 3.89 4.003 4.052 4.036 4.079 4.197 4.166 4.05 4.012 4.076 4.111 4.115 4.053 4.046 4.119 4.162 4.171 4.115 4.125 4.138 4.103 4.085 4.135 4.183 4.192 4.146 4.146 4.217 4.214 4.157 4.091 4.102 4.137 4.186 4.198 4.129 4.12 4.163 4.156 4.157 4.142 4.077 4.078 4.155 4.164 4.171 4.185 4.207 4.212 4.174 4.209 4.212 4.179 4.222 4.181 4.183 4.23 4.259 4.292 4.211 4.146 4.245 4.21
0.898 1.391 2.38 3.112 3.419 3.498 3.571 3.712 3.834 3.955 4.053 4.015 4.041 4.133 4.154 4.105 4.054 4.04 4.082 4.107 4.121 4.124 4.131 4.194 4.188 4.106 4.121 4.191 4.134 4.063 4.048 4.111 4.169 4.161 4.127 4.156 4.174 4.188 4.171 4.15 4.123 4.152 4.157 4.14 4.099 4.108 4.168 4.165 4.129 4.16 4.133 4.106 4.113 4.116 4.112 4.161 4.21 4.165 4.173 4.212 4.165 4.14 4.158 4.131 4.152 4.261 4.26 4.209 4.168 4.263 4.249
0.919 1.399 2.216 2.877 3.266 3.525 3.725 3.822 3.895 3.967 4.027 4.061 4.017 3.998 4.081 4.108 4.105 4.076 4.057 4.068 4.113 4.142 4.117 4.179 4.219 4.153 4.114 4.153 4.118 4.021 4.061 4.139 4.132 4.145 4.153 4.146 4.137 4.156 4.119 4.108 4.085 4.136 4.115 4.146 4.152 4.159 4.196 4.176 4.178 4.115 3.867 3.926 4.183 4.187 4.081 4.073 4.12 4.143 4.161 4.11 4.098 4.152 4.149 4.141 4.162 4.185 4.203 4.211 4.271 4.313 4.28
0.731 0.868 1.384 2.107 2.802 3.345 3.624 3.83 3.884 3.944 4.01 4.046 4.011 3.998 3.99 4.045 4.168 4.188 4.127 4.094 4.091 4.01 4.056 4.15 4.206 4.21 4.176 4.177 4.129 4.077 4.158 4.167 4.132 4.159 4.145 4.084 4.058 4.092 4.125 4.165 4.191 4.211 4.251 4.251 4.239 4.22 4.181 4.175 4.163 4.089 3.995 3.966 4.118 4.244 4.206 4.108 4.067 4.129 4.152 4.145 4.123 4.046 4.104 4.165 4.198 4.249 4.176 4.209 4.298 4.205 4.197
1.136 1.213 1.078 1.562 2.482 3.159 3.53 3.658 3.763 3.921 3.961 4.028 4.094 4.05 4 4.089 4.162 4.174 4.159 4.098 4.098 4.078 4.094 4.152 4.186 4.184 4.1 4.069 4.063 4.078 4.162 4.175 4.079 4.067 4.102 4.124 4.105 4.096 4.134 4.192 4.225 4.213 4.259 4.246 4.186 4.237 4.188 4.188 4.133 4.096 4.092 3.929 4.084 4.245 4.236 4.224 4.185 4.171 4.24 4.255 4.139 4.136 4.237 4.217 4.231 4.275 4.263 4.239 4.208 4.159 4.205
2.219 1.748 1.23 1.551 2.456 3.046 3.286 3.341 3.512 3.758 3.942 4.013 4.051 4.025 4.031 4.034 4.053 4.12 4.102 4.029 4.058 4.102 4.068 4.118 4.132 4.153 4.083 4.02 4.024 4.095 4.135 4.149 4.15 4.13 4.122 4.145 4.158 4.102 4.132 4.189 4.202 4.181 4.23 4.247 4.217 4.24 4.208 4.177 4.159 4.197 4.199 4.192 4.223 4.196 4.237 4.28 4.237 4.224 4.273 4.225 4.191 4.23 4.249 4.301 4.276 4.227 4.266 4.227 4.188 4.2 4.231
3.273 2.82 1.814 1.475 1.906 2.543 3.053 3.28 3.435 3.708 3.925 3.959 3.997 4.017 4.044 4.058 4.05 4.07 4.087 4.099 4.102 4.114 4.115 4.084 4.103 4.129 4.103 4.011 4.052 4.149 4.13 4.144 4.168 4.201 4.155 4.143 4.196 4.21 4.222 4.198 4.144 4.141 4.234 4.249 4.218 4.235 4.294 4.285 4.189 4.142 4.12 4.216 4.269 4.288 4.285 4.298 4.281 4.262 4.332 4.29 4.269 4.236 4.271 4.33 4.256 4.15 4.147 4.201 4.195 4.269 4.27
