sandwich_zoom.asc
ncols         351
nrows         317
xllcorner     -70.4822839647
yllcorner     41.7640578600
cellsize      0.00001052677907865
nodata_value  -9999.0
[rows 198 to 230 of 317, columns 225 to 299 of 351]
13.573 13.782 13.997 14.406 14.818 15.163 15.354 15.425 15.527 15.572 15.749 16.148 16.341 16.556 16.64 16.835 17.114 17.282 17.087 16.074 15.467 14.99 14.583 14.065 13.452 13.046 12.89 12.82 12.688 12.544 12.425 12.516 12.724 12.798 12.827 12.968 12.931 12.887 12.764 12.792 12.802 12.875 12.859 12.896 13.007 13.181 13.252 13.263 13.292 13.193 12.832 12.593 11.915 11.582 11.122 10.921 10.812 10.452 10.257 10.087 9.884 9.668 9.448 9.205 9.058 8.901 8.684 8.476 8.277 8.184 7.964 7.785 7.699 7.574 7.323
13.416 13.515 13.965 14.559 14.944 15.012 15.092 14.901 15.042 14.962 15.258 15.489 15.718 16.035 16.141 16.388 16.971 16.821 16.367 15.894 15.044 14.391 13.591 13.138 12.902 12.893 12.963 12.896 12.631 12.382 12.371 12.427 12.474 12.57 12.641 12.725 12.616 12.629 12.539 12.543 12.555 12.608 12.746 12.878 13.018 13.108 13.241 13.37 13.446 13.458 13.502 13.164 12.558 12.221 11.811 11.527 11.405 11.285 10.904 10.582 10.332 10.247 10.057 9.75 9.476 9.198 9.023 8.921 8.737 8.554 8.335 8.152 7.903 7.869 7.779
13.31 13.576 13.725 14.088 14.464 14.54 14.409 14.276 14.364 14.437 14.396 15.055 15.184 15.549 15.455 15.491 16.011 15.726 15.616 15.028 14.253 13.816 13.477 13.028 12.732 12.619 12.493 12.465 12.339 12.247 12.319 12.361 12.182 12.237 12.175 12.353 12.487 12.467 12.438 12.471 12.465 12.578 12.598 12.778 12.965 13.073 13.169 13.368 13.439 13.343 13.491 13.508 13.341 12.848 12.377 12.54 12.219 11.673 11.283 11.008 10.672 10.617 10.46 10.2 9.961 9.641 9.527 9.324 9.121 8.84 8.681 8.582 8.484 8.376 8.179
12.698 13.044 13.337 13.683 13.892 13.832 13.67 13.555 13.521 13.683 14.021 14.321 14.364 14.685 14.8 15.1 15.304 15.092 14.573 14.163 13.635 13.363 13.161 12.833 12.562 12.432 12.36 12.104 12.045 12.091 12.06 12.074 11.887 11.941 11.968 12.179 12.272 12.34 12.396 12.39 12.398 12.451 12.603 12.787 12.889 12.949 13.129 13.316 13.386 13.44 13.475 13.482 13.42 13.311 13.403 13.095 12.703 12.163 11.957 11.637 11.275 11.246 10.995 10.836 10.505 10.059 9.933 9.611 9.448 9.291 9.03 9.003 8.834 8.668 8.544
12.06 12.718 13.149 13.435 13.363 13.185 13.103 13.077 13.202 13.103 13.392 13.606 13.787 14.326 14.509 14.39 14.375 14.319 14.049 13.903 13.59 13.163 12.965 12.607 12.41 12.442 12.283 12.15 12.051 11.853 11.803 11.664 11.759 11.837 11.856 11.883 12.012 12.174 12.215 12.211 12.299 12.486 12.67 12.719 12.785 12.969 13.215 13.338 13.439 13.417 13.437 13.403 13.449 13.471 13.62 13.632 13.761 13.228 12.562 12.364 12.041 11.81 11.417 11.124 10.866 10.528 10.347 9.987 10.02 9.875 9.577 9.262 9.255 9.007 8.824
12.021 12.298 12.428 12.715 12.688 12.769 12.443 12.375 12.601 12.646 12.821 13.065 13.546 14.05 14.044 13.766 13.963 13.789 13.887 13.686 12.873 12.377 12.267 12.271 12.139 12.168 12.127 11.889 12.002 11.73 11.493 11.526 11.696 11.821 11.813 11.723 11.875 11.883 12.013 12.223 12.323 12.51 12.569 12.601 12.695 12.916 13.164 13.243 13.335 13.269 13.244 13.329 13.424 13.585 13.721 13.837 14.075 14.211 14.287 13.542 12.661 12.539 12.054 11.569 11.358 11.045 10.65 10.662 10.272 10.071 10.007 9.738 9.662 9.356 9.176
11.675 11.943 12.235 12.458 12.045 12.004 11.987 11.828 11.765 11.897 12.127 12.468 12.82 13.511 13.367 13.228 12.916 12.944 13.236 12.491 11.971 11.749 11.763 11.821 11.788 11.707 11.524 11.481 11.518 11.206 11.214 11.37 11.526 11.651 11.658 11.755 11.698 11.701 11.995 12.137 12.166 12.389 12.536 12.683 12.734 12.868 12.959 13.054 13.058 13.036 13.133 13.208 13.405 13.69 13.821 14.013 14.102 14.382 14.593 14.382 14.149 14.855 13.534 12.338 11.911 11.552 11.245 11 10.847 10.45 10.194 10.084 10.005 9.757 9.613
11.589 11.723 11.908 11.992 11.951 11.828 11.769 11.683 11.637 11.75 11.885 12.104 12.17 12.832 12.856 12.614 11.939 11.84 11.79 11.845 11.485 11.25 11.329 11.442 11.446 11.267 11.168 11.079 11.029 10.909 11.101 11.238 11.277 11.429 11.453 11.442 11.536 11.568 11.799 12.038 12.181 12.368 12.414 12.532 12.714 12.893 12.9 13.014 12.918 12.868 13.043 13.306 13.488 13.678 13.725 13.887 14.111 14.551 14.772 15.103 15.398 15.098 14.506 13.896 12.978 12.038 11.731 11.44 11.226 11.048 10.715 10.374 10.359 10.279 10.083
11.553 11.669 11.748 11.753 11.669 11.637 11.607 11.47 11.421 11.492 11.706 11.793 11.999 12.161 11.774 11.196 11.306 11.324 11.055 10.819 10.806 10.738 10.706 10.758 10.741 10.739 10.73 10.763 10.874 10.844 10.988 11.01 11.044 11.216 11.157 11.188 11.413 11.675 11.895 12.059 12.201 12.378 12.483 12.651 12.613 12.753 12.832 12.814 12.793 12.937 13.188 13.298 13.383 13.456 13.706 13.875 14.131 14.464 14.886 15.23 15.365 15.314 15.343 15.273 14.028 12.958 12.302 11.935 11.746 11.431 11.264 11.027 10.82 10.625 10.382
11.488 11.518 11.51 11.548 11.584 11.556 11.38 11.074 11.153 11.469 11.575 11.474 11.416 11.434 11.279 10.944 10.65 10.384 10.351 10.381 10.344 10.248 10.312 10.34 10.437 10.507 10.584 10.667 10.807 10.751 10.707 10.585 10.79 10.799 10.809 11.211 11.517 11.74 11.992 12.251 12.449 12.47 12.527 12.579 12.507 12.562 12.719 12.793 12.939 12.998 13.015 13.234 13.389 13.494 13.667 13.775 14.019 14.535 14.828 15.186 15.368 15.325 15.257 14.984 14.574 14.114 13.555 13.167 12.333 11.868 11.732 11.515 11.273 11.139 10.791
11.428 11.503 11.457 11.43 11.44 11.436 11.237 11.072 11.136 11.209 11.257 11.109 10.949 10.7 10.559 10.461 10.252 10.05 9.993 9.969 10.029 10.078 10.195 10.168 10.232 10.25 10.429 10.518 10.551 10.29 10.039 10.234 10.271 10.478 10.816 11.165 11.482 11.645 11.889 12.204 12.313 12.482 12.603 12.589 12.715 12.705 12.797 12.89 12.849 13.174 13.135 13.269 13.435 13.425 13.57 13.854 14.119 14.449 14.757 14.951 15.11 15.141 15.124 14.876 14.665 14.438 14.155 13.977 13.201 12.975 12.308 12.046 11.768 11.325 11.054
10.904 10.926 11.041 10.978 11.2 10.947 10.798 11.039 11.059 10.947 10.802 10.693 10.248 10.029 10.144 10.233 10.017 9.775 9.586 9.862 9.995 9.91 10.005 10.142 10.277 10.229 10.143 10.116 10.014 9.843 9.816 9.946 10.149 10.526 10.962 11.23 11.369 11.741 12.025 12.426 12.552 12.816 12.805 12.705 12.738 12.868 12.985 13.071 13.114 13.269 13.361 13.4 13.572 13.647 13.793 13.953 14.203 14.373 14.523 14.634 14.74 14.717 14.792 14.677 14.55 14.219 13.877 13.564 13.369 13.022 12.647 12.305 11.972 11.882 11.675
10.352 10.543 10.661 10.342 10.405 10.387 10.356 10.66 10.231 10.061 10.164 9.887 9.83 9.815 9.73 9.665 9.672 9.603 9.683 9.798 9.887 9.927 9.99 10.104 10.262 10.172 10.023 9.941 9.789 9.701 9.746 9.894 10.134 10.259 10.68 10.987 11.399 12.154 12.631 12.895 13.033 13.013 12.992 12.934 12.865 13.056 13.232 13.377 13.477 13.458 13.559 13.638 13.78 14.034 14.111 14.181 14.318 14.487 14.498 14.447 14.381 14.242 14.303 14.242 14.183 13.873 13.503 13.383 13.401 13.03 12.634 12.328 12.046 11.903 11.768
9.933 9.911 10.065 9.982 9.922 9.964 10.033 9.842 9.775 9.71 9.669 9.644 9.55 9.458 9.531 9.602 9.613 9.721 9.726 9.729 9.718 9.857 10.026 10.059 9.93 9.832 9.583 9.545 9.578 9.572 9.805 9.924 10.121 10.331 10.595 10.839 11.334 12.203 12.823 13.022 13.162 13.274 13.232 13.301 13.304 13.477 13.573 13.534 13.464 13.491 13.766 13.928 13.919 14.308 14.57 14.919 14.831 14.812 14.675 14.5 14.2 13.982 13.952 13.775 13.614 13.382 13.275 13.103 12.923 12.928 12.511 12.158 12.056 11.969 11.868
9.62 9.561 9.675 9.508 9.52 9.566 9.627 9.635 9.618 9.511 9.383 9.346 9.417 9.434 9.559 9.491 9.58 9.688 9.743 9.748 9.66 9.735 9.815 9.817 9.559 9.4 9.362 9.411 9.562 9.538 9.632 9.853 10.011 10.262 10.746 11.251 11.877 12.529 13.021 13.222 13.392 13.537 13.581 13.667 13.61 13.61 13.637 13.702 13.712 13.904 14.08 14.094 14.205 14.577 15.066 15.205 15.022 14.768 14.515 14.407 14.226 14.096 13.819 13.566 13.215 13.039 12.763 12.659 12.644 12.562 12.313 12.063 11.891 11.823 11.72
9.418 9.322 9.265 9.272 9.397 9.388 9.51 9.544 9.425 9.289 9.219 9.311 9.489 9.383 9.38 9.247 9.438 9.645 9.827 9.795 9.657 9.595 9.543 9.475 9.305 9.161 9.213 9.332 9.407 9.293 9.593 9.819 10.174 10.453 11.194 11.998 12.708 13.079 13.314 13.41 13.635 13.718 13.685 13.827 13.715 13.753 13.852 13.893 13.933 14.049 14.308 14.37 14.751 15.035 15.146 15.091 14.824 14.523 14.342 14.243 14.136 14.19 13.728 13.35 13.022 12.658 12.576 12.528 12.485 12.449 12.323 12.046 11.772 11.644 11.624
9.214 9.189 9.16 9.192 9.133 9.196 9.235 9.299 9.11 9.007 9.107 9.263 9.44 9.37 9.348 9.225 9.09 9.37 9.643 9.584 9.429 9.387 9.344 9.121 8.876 8.987 9.031 9.262 9.277 9.185 9.426 9.945 11.091 11.517 12.265 13.002 13.44 13.462 13.584 13.696 13.811 13.904 13.93 14.013 14.089 13.949 13.991 14.017 14.176 14.28 14.54 14.69 14.966 15.24 15.292 14.916 14.503 14.332 14.304 14.126 14.055 13.596 13.353 13.073 12.825 12.751 12.632 12.411 12.351 12.451 12.22 11.908 11.706 11.64 11.606
8.554 8.896 9.027 9.029 9.117 9.09 8.959 9.1 9.092 9.104 9.079 9.039 9.074 9.117 9.162 9.121 9.106 9.055 9.284 9.373 9.059 9.02 8.867 8.792 8.773 8.832 8.897 8.974 8.97 9.041 9.735 10.85 12.461 12.706 12.898 13.661 14.002 13.946 13.926 13.853 13.987 14.084 14.192 14.24 14.055 14.157 14.27 14.228 14.341 14.673 14.848 15.031 15.163 15.212 15.056 14.828 14.494 14.183 14.074 13.801 13.686 13.277 13.043 12.88 12.746 12.644 12.534 12.34 12.364 12.332 11.979 11.816 11.665 11.569 11.494
7.791 8.398 8.915 8.966 8.945 8.918 8.905 9.048 9.091 9.143 8.973 8.883 8.882 8.929 8.927 9.109 9.048 8.936 8.908 8.729 8.74 8.647 8.567 8.565 8.736 8.711 8.803 8.833 8.802 9.283 10.361 11.132 12.118 13.639 14.274 14.193 14.09 14.176 14.183 14.174 14.22 14.392 14.492 14.47 14.588 14.527 14.438 14.491 14.763 14.963 15.02 15.196 15.212 15.019 14.678 14.451 14.292 14.119 13.837 13.606 13.382 13.128 12.864 12.739 12.634 12.464 12.334 12.147 12.103 12.048 11.589 11.476 11.401 11.288 11.302
7.346 7.842 8.464 8.869 8.918 8.936 9.023 9.039 8.906 8.914 8.792 8.805 8.682 8.763 8.88 9.019 9.029 8.897 8.646 8.548 8.586 8.446 8.324 8.274 8.371 8.501 8.61 8.528 8.709 9.081 9.747 11.101 12.359 13.896 14.691 14.74 14.579 14.534 14.562 14.516 14.519 14.731 14.986 14.785 14.747 14.833 14.621 14.761 14.929 15.08 15.157 15.189 15.038 14.738 14.426 14.199 13.929 13.814 13.579 13.354 13.2 12.956 12.715 12.639 12.445 12.268 12.174 11.864 11.616 11.479 11.423 11.273 11.197 11.139 11.134
6.675 7.485 8.205 8.753 8.821 8.915 9.012 8.913 8.734 8.581 8.67 8.753 8.627 8.681 8.688 8.672 8.702 8.609 8.556 8.598 8.472 8.328 8.2 8.175 8.201 8.292 8.446 8.495 8.544 9.074 9.807 11.059 12.546 13.773 14.991 15.368 15.239 14.962 14.893 14.796 14.705 14.862 15.013 15.065 14.967 15.02 14.989 14.954 15.198 15.132 15.045 15.009 14.782 14.519 14.212 14.07 13.908 13.739 13.458 13.213 13.001 12.746 12.436 12.293 12.186 12.102 11.863 11.538 11.467 11.374 11.252 11.2 11.069 11.095 11.094
6.211 6.859 7.543 8.381 8.609 8.822 8.683 8.491 8.373 8.121 8.158 8.31 8.453 8.642 8.58 8.429 8.371 8.356 8.259 8.117 8.055 8.113 8.063 8.02 8.079 8.023 8.18 8.249 8.575 9.047 9.805 10.973 11.823 13.323 14.9 15.502 15.837 15.475 15.14 15.114 15.067 14.893 14.962 14.966 14.913 14.845 14.732 14.665 14.952 14.95 14.843 14.596 14.342 14.114 13.963 13.891 13.718 13.486 13.273 12.902 12.655 12.352 12.209 12.05 12.048 12.14 11.743 11.469 11.479 11.317 11.166 11.047 10.994 10.952 10.939
5.702 6.151 6.552 7.314 7.882 8.387 8.392 8.277 8.196 8.041 8.026 8.159 8.232 8.274 8.28 8.177 8.139 8.082 8.002 7.914 7.827 7.904 7.987 7.823 7.85 7.926 7.99 8.3 8.554 8.933 9.726 10.501 11.9 13.352 14.414 15.484 16.099 15.928 15.838 15.692 15.504 15.403 15.243 14.957 14.682 14.568 14.443 14.343 14.389 14.41 14.148 13.971 13.854 13.846 13.72 13.639 13.5 13.251 13.152 12.7 12.56 12.434 12.227 12.15 12.189 12.183 11.858 11.564 11.49 11.282 11.068 10.875 10.736 10.749 10.691
5.177 5.523 5.845 6.413 6.914 7.629 8.163 8.208 8.112 7.966 7.929 7.821 7.972 7.982 7.999 8.047 8.15 8.055 7.887 7.795 7.783 7.718 7.733 7.797 7.811 7.924 8.051 8.197 8.447 8.808 9.693 10.922 12.069 13.358 14.532 15.878 16.382 16.378 16.351 16.062 15.628 15.378 15.041 14.892 14.741 14.442 14.124 13.974 13.844 13.928 13.867 13.751 13.564 13.564 13.475 13.474 13.116 12.928 12.734 12.468 12.397 12.314 12.33 12.189 12.06 11.971 11.572 11.25 11.107 11.08 10.978 10.671 10.403 10.373 10.473
4.855 5.157 5.57 5.971 6.656 7.194 7.696 7.951 7.977 7.998 7.747 7.638 7.678 7.778 8.012 8.119 8.085 7.917 7.847 7.831 7.755 7.632 7.554 7.693 7.815 7.885 7.982 8.176 8.595 9.237 10.083 10.981 12.196 13.211 14.554 15.832 16.72 16.876 16.395 16.039 15.759 15.151 14.744 14.583 14.585 14.294 14.093 13.838 13.55 13.66 13.657 13.565 13.36 13.298 13.259 13.147 12.99 12.755 12.239 11.923 11.984 11.884 11.957 12.022 11.946 11.789 11.537 11.313 11.057 10.78 10.603 10.563 10.436 10.343 10.188
4.328 4.725 5.251 5.577 5.988 6.52 7.053 7.469 7.694 7.694 7.484 7.359 7.423 7.587 7.752 7.854 7.767 7.585 7.637 7.725 7.659 7.533 7.601 7.737 7.782 7.981 8.21 8.337 8.743 9.381 10.368 11.546 12.665 13.807 15.154 16.694 17.441 17.272 16.625 16.103 15.526 14.997 14.581 14.422 14.377 14.216 13.937 13.623 13.364 13.207 13.226 13.155 13.217 13.161 12.959 12.956 12.607 12.35 12.064 11.849 11.732 11.426 11.638 11.819 11.664 11.587 11.314 11.006 10.719 10.61 10.567 10.402 10.296 10.233 10.155
4.187 4.451 4.742 5.096 5.444 5.909 6.615 6.823 7.288 7.423 7.396 7.249 7.386 7.666 7.712 7.73 7.67 7.65 7.723 7.758 7.635 7.528 7.547 7.77 8.057 8.169 8.32 8.622 9.103 9.943 11.111 12.021 13.219 14.776 15.866 16.656 17.131 17.241 16.501 16.013 15.311 14.83 14.574 14.178 14.081 13.977 13.738 13.592 13.398 12.877 12.729 12.781 12.783 12.55 12.483 12.45 12.262 12.11 11.765 11.422 11.219 11.088 11.201 11.301 11.353 11.369 11.13 10.792 10.511 10.244 10.235 10.129 10.081 9.961 9.997
3.869 4.097 4.288 4.712 4.991 5.244 5.619 6.114 6.775 7.084 7.315 7.444 7.531 7.561 7.432 7.455 7.424 7.462 7.589 7.82 7.637 7.476 7.493 7.696 8.063 8.319 8.682 9.346 10.179 10.923 12.2 13.177 14.013 14.804 15.696 16.174 16.222 16.159 16.037 15.577 15.204 14.961 14.582 14.178 13.853 13.655 13.59 13.477 13.072 12.751 12.673 12.457 12.395 12.2 11.98 12.036 11.738 11.509 11.343 11.06 10.976 10.844 11.07 11.101 11.195 11.177 10.653 10.457 10.197 10.158 10.08 9.88 9.751 9.751 9.946
3.605 3.767 3.917 4.272 4.697 4.818 5.189 5.681 6.321 6.529 7.004 7.257 7.528 7.413 7.276 7.206 7.316 7.332 7.298 7.339 7.442 7.365 7.454 7.72 8.017 8.649 9.275 10.127 10.997 11.749 12.781 13.811 14.838 15.233 15.594 15.775 15.742 15.628 15.444 15.327 15.079 14.655 14.458 13.981 13.625 13.554 13.596 13.213 12.871 12.642 12.321 12.008 11.984 11.784 11.579 11.584 11.339 11.155 10.831 10.738 10.87 10.627 10.641 10.847 10.968 10.899 10.691 10.363 10.217 10.269 10.109 9.84 9.748 9.863 9.99
3.22 3.442 3.708 3.933 4.215 4.616 4.689 5.007 5.552 5.866 6.368 6.854 7.117 7.118 7.091 7.121 7.091 7.134 7.124 7.179 7.234 7.354 7.531 7.826 8.364 9.598 10.215 10.739 11.518 12.364 13.781 15.337 15.468 15.451 15.543 15.174 15.121 15.112 15.07 15.062 14.675 14.275 13.998 13.838 13.496 13.355 13.18 12.865 12.483 12.351 12.037 11.882 11.466 11.2 11.146 11.035 10.853 10.681 10.244 10.204 10.475 10.4 10.418 10.617 10.737 10.557 10.469 10.363 10.243 10.094 9.896 9.65 9.664 9.744 9.804
3.066 3.162 3.411 3.61 3.884 4.097 4.24 4.529 4.994 5.441 5.895 6.272 6.286 6.725 6.884 6.963 6.996 7.001 6.964 7.088 7.261 7.524 8.051 8.484 9.378 10.077 10.422 11.021 12.277 13.926 15.095 15.736 15.62 15.229 15.163 14.853 14.796 14.759 14.552 14.242 14.102 13.978 13.768 13.544 13.425 13.179 12.941 12.805 12.494 12.058 11.732 11.435 11.14 10.735 10.566 10.384 10.237 10.099 9.82 9.672 9.629 9.836 9.976 9.928 10.083 10.21 10.247 10.245 10.134 9.929 9.776 9.639 9.799 9.813 9.822
2.835 2.964 3.148 3.326 3.494 3.703 4.036 4.364 4.763 4.967 5.171 5.563 5.978 6.259 6.429 6.65 6.784 6.861 6.932 7.063 7.545 7.907 8.561 8.721 9.521 10.105 10.506 11.388 12.726 13.928 14.575 14.728 14.556 14.691 14.825 14.679 14.396 14.204 14.142 14.138 13.812 13.612 13.447 13.318 13.229 12.949 12.649 12.407 12.163 11.718 11.324 11.116 10.837 10.524 10.368 10.153 9.941 9.767 9.632 9.499 9.519 9.51 9.64 9.815 9.973 10.159 10.172 10.167 10.124 9.894 9.774 9.757 9.767 9.802 9.864
2.434 2.604 2.869 3.041 3.249 3.523 3.797 4.13 4.363 4.649 4.82 5.179 5.462 5.567 5.972 6.276 6.584 6.685 6.88 7.381 7.909 8.326 8.977 9.361 9.49 9.869 10.98 12.05 13.452 14.124 14.087 14.299 14.233 14.166 14.208 14.181 13.953 13.535 13.51 13.589 13.245 13.124 13.088 12.903 12.498 12.563 12.434 11.973 11.675 11.44 11.15 10.973 10.71 10.498 10.283 10.117 9.851 9.693 9.547 9.378 9.292 9.349 9.505 9.654 9.856 10.046 10.06 10.168 10.078 9.894 9.841 9.735 9.921 9.929 9.9
