sandwich_bluff_utm.asc
ncols         52
nrows         189
xllcorner     376686.286
yllcorner     4624876.945
cellsize      0.875048900218
nodata_value  -9999.0
[rows 138 to 183 of 189, columns 0 to 51 of 52]
8.845 8.758 8.585 8.489 8.417 8.458 8.489 8.483 8.539 8.61 8.537 8.499 8.528 8.502 8.513 8.472 8.455 8.446 8.486 8.429 8.373 8.36 8.428 8.589 8.528 8.603 8.915 9.137 9.368 9.489 9.381 9.172 8.894 8.88 9.034 8.959 8.933 8.88 8.844 8.795 8.715 8.687 8.669 8.692 8.806 8.845 9.053 9.051 9.047 9.346 9.441 9.579
9.117 9.136 8.869 8.574 8.35 8.445 8.421 8.319 8.468 8.547 8.454 8.448 8.414 8.396 8.503 8.447 8.444 8.541 8.539 8.408 8.375 8.477 8.596 8.604 8.608 8.725 8.922 9.201 9.5 9.617 9.548 9.242 8.834 8.643 8.73 8.757 8.748 8.757 8.774 8.717 8.607 8.583 8.526 8.509 8.578 8.576 8.694 8.73 8.765 9.041 9.224 9.398
9.291 9.252 9.177 8.891 8.755 8.702 8.354 8.465 8.561 8.594 8.623 8.584 8.533 8.505 8.517 8.446 8.417 8.53 8.523 8.417 8.426 8.502 8.584 8.624 8.675 8.805 8.938 9.117 9.318 9.415 9.354 9.031 8.691 8.497 8.525 8.591 8.591 8.606 8.648 8.607 8.463 8.434 8.404 8.355 8.371 8.349 8.396 8.508 8.574 8.743 8.974 9.173
9.167 9.203 9.197 9.197 9.09 8.855 8.665 8.661 8.586 8.642 8.647 8.581 8.582 8.558 8.546 8.483 8.447 8.525 8.526 8.48 8.492 8.529 8.565 8.646 8.703 8.78 8.848 8.947 9.029 9.021 8.957 8.762 8.573 8.447 8.423 8.451 8.463 8.469 8.5 8.47 8.306 8.274 8.304 8.225 8.183 8.188 8.227 8.367 8.44 8.506 8.657 8.882
9.014 9.058 9.135 9.303 9.244 9.17 9.124 8.804 8.644 8.712 8.628 8.564 8.605 8.59 8.577 8.532 8.508 8.537 8.56 8.57 8.559 8.569 8.569 8.639 8.663 8.634 8.622 8.728 8.753 8.54 8.5 8.633 8.577 8.498 8.42 8.304 8.358 8.437 8.426 8.36 8.345 8.373 8.36 8.284 8.196 8.236 8.232 8.27 8.365 8.401 8.481 8.657
8.87 8.888 9.036 9.174 9.235 9.612 9.564 8.912 8.814 8.818 8.646 8.628 8.649 8.637 8.588 8.553 8.537 8.577 8.61 8.625 8.606 8.576 8.549 8.471 8.449 8.491 8.452 8.423 8.499 8.53 8.532 8.6 8.55 8.466 8.418 8.357 8.296 8.308 8.346 8.322 8.294 8.315 8.345 8.269 8.196 8.218 8.229 8.173 8.183 8.242 8.33 8.485
8.76 8.854 8.88 9.01 9.16 9.338 9.561 9.506 9.367 9.004 8.613 8.483 8.497 8.534 8.55 8.578 8.585 8.573 8.547 8.613 8.623 8.542 8.454 8.367 8.351 8.398 8.373 8.366 8.468 8.509 8.517 8.584 8.605 8.516 8.437 8.391 8.319 8.297 8.306 8.309 8.286 8.259 8.26 8.223 8.178 8.191 8.216 8.097 8.017 8.072 8.197 8.349
8.593 8.684 8.76 8.888 8.999 9.152 9.316 9.412 9.444 9.253 8.982 8.819 8.617 8.442 8.448 8.483 8.499 8.484 8.472 8.546 8.572 8.546 8.483 8.446 8.372 8.383 8.338 8.31 8.366 8.434 8.485 8.507 8.6 8.529 8.435 8.397 8.379 8.347 8.296 8.302 8.32 8.222 8.123 8.15 8.13 8.179 8.177 8.068 7.946 7.931 8.071 8.236
8.462 8.582 8.662 8.765 8.806 8.97 9.092 9.206 9.318 9.348 9.311 9.168 8.772 8.459 8.402 8.353 8.356 8.375 8.412 8.456 8.593 8.724 8.733 8.73 8.528 8.49 8.354 8.146 8.05 8.293 8.444 8.29 8.365 8.357 8.349 8.395 8.339 8.296 8.28 8.287 8.268 8.165 8.009 7.982 8.019 8.119 8.086 8.031 7.995 7.973 8.107 8.145
8.387 8.515 8.553 8.643 8.63 8.791 9.03 9.159 9.145 9.128 9.256 9.095 8.748 8.721 8.576 8.332 8.321 8.378 8.396 8.442 9.176 9.501 9.36 9.12 8.936 8.943 8.755 8.376 8.263 8.184 8.168 8.204 8.292 8.253 8.255 8.288 8.248 8.22 8.224 8.225 8.185 8.083 7.96 7.991 8.032 8.117 8.053 7.986 8.006 8.003 8.006 8.033
8.348 8.213 8.352 8.572 8.657 8.836 9.053 9.147 9.089 9.128 8.994 8.789 8.719 8.971 8.966 8.816 8.681 8.55 8.519 8.498 9.263 9.727 9.546 9.342 9.247 9.202 9.019 8.708 8.599 8.385 8.261 8.249 8.224 8.19 8.182 8.174 8.181 8.149 8.146 8.161 8.145 8.071 7.989 8.014 7.995 8.069 8.051 7.98 8.017 8.017 7.915 7.992
8.188 8.146 8.28 8.506 8.626 8.742 8.873 8.87 8.821 8.895 8.741 8.532 8.625 9.023 9.169 9.184 9.024 8.858 8.837 8.713 9.097 9.454 9.431 9.444 9.441 9.306 9.159 8.996 8.878 8.694 8.498 8.338 8.189 8.177 8.137 8.08 8.125 8.087 8.059 8.1 8.163 8.134 8.067 7.997 7.876 7.953 8.077 8.045 8.054 8.014 7.997 8.105
8.104 8.12 8.19 8.374 8.506 8.524 8.558 8.504 8.463 8.529 8.449 8.28 8.475 8.93 9.188 9.33 9.249 9.186 9.251 9.039 8.842 8.902 9.155 9.417 9.491 9.267 9.181 9.139 8.988 8.941 8.689 8.383 8.233 8.217 8.14 8.029 8.036 8.037 7.995 8.019 8.228 8.157 8.037 8.007 7.993 8.044 8.155 8.189 8.19 8.147 8.122 8.164
8.089 8.091 8.081 8.183 8.289 8.213 8.176 8.162 8.088 8.104 8.057 8.007 8.269 8.777 9.034 9.131 9.213 9.27 9.489 9.297 8.975 8.964 9.103 9.191 9.244 9.118 9.065 9.108 9.073 8.977 8.937 8.709 8.426 8.369 8.28 8.163 8.071 8.013 7.951 7.991 8.112 8.095 8.032 7.986 7.996 8.056 8.148 8.232 8.317 8.187 8.223 8.411
8.039 8.07 8.113 8.104 7.979 8.022 8.083 7.976 7.827 7.697 7.558 7.757 8.143 8.608 9.009 9.178 9.201 9.301 9.412 9.297 9.039 8.966 9.046 9.119 9.198 9.061 8.976 9.061 9.009 8.963 9.008 8.892 8.754 8.603 8.404 8.223 8.096 8.041 7.98 7.982 7.998 8.004 8.024 7.981 7.968 8.026 8.106 8.245 8.354 8.2 8.307 8.604
7.932 7.944 7.994 8.022 7.942 7.983 7.912 7.765 7.582 7.436 7.264 7.558 7.888 8.363 8.862 9.296 9.372 9.31 9.283 9.232 9.043 8.915 8.936 9.014 9.143 9.006 8.895 8.895 8.79 8.825 8.898 8.875 8.987 8.822 8.554 8.276 8.102 8.073 8.063 8.01 7.968 7.921 8.001 8.003 7.946 7.976 8.058 8.268 8.229 8.263 8.365 8.419
7.562 7.651 7.692 7.799 7.901 7.944 7.749 7.493 7.278 7.201 7.041 7.324 7.567 8.109 8.724 9.369 9.543 9.283 9.17 9.139 9.002 8.848 8.796 8.837 8.985 8.903 8.805 8.56 8.43 8.493 8.615 8.582 8.812 8.914 8.83 8.503 8.078 7.97 8.118 8.19 8.133 7.984 7.909 7.985 7.961 7.997 7.996 8.1 8.212 8.251 8.468 8.55
7.013 7.209 7.213 7.417 7.72 7.823 7.618 7.131 6.879 6.893 6.773 6.97 7.272 7.933 8.841 9.159 9.29 9.215 9.114 9.047 8.973 8.924 8.863 8.789 8.674 8.681 8.625 8.554 8.349 8.31 8.282 8.404 8.491 8.552 8.7 8.544 8.246 8.145 8.195 8.219 8.162 8.051 7.961 7.945 7.894 7.902 7.809 7.912 8.106 8.201 8.253 8.434
6.691 6.727 6.661 7.039 7.206 7.469 7.16 6.86 6.716 6.69 6.639 6.778 7.085 7.685 8.324 8.856 9.025 8.963 8.929 8.948 8.921 8.934 8.803 8.709 8.574 8.482 8.436 8.429 8.32 8.23 8.131 8.235 8.281 8.306 8.537 8.496 8.32 8.315 8.295 8.218 8.145 8.083 8.009 7.955 7.881 7.87 7.698 7.79 7.941 8.094 7.994 8.238
6.363 6.481 6.396 6.606 6.853 6.961 6.799 6.709 6.64 6.59 6.642 6.756 6.968 7.373 7.917 8.505 8.718 8.697 8.726 8.914 8.914 8.891 8.747 8.66 8.514 8.339 8.281 8.311 8.262 8.148 8.079 8.102 8.165 8.153 8.361 8.357 8.267 8.385 8.347 8.185 8.108 8.071 8.005 8.025 7.974 7.988 7.782 7.789 7.746 7.903 8.04 8.165
6.103 6.246 6.166 6.229 6.562 6.551 6.567 6.593 6.6 6.553 6.643 6.776 7.023 7.158 7.666 8.15 8.45 8.457 8.574 8.919 8.921 8.806 8.733 8.658 8.435 8.293 8.197 8.284 8.094 7.979 8.036 8.053 8.09 8.02 8.162 8.097 8.101 8.198 8.108 8.01 8.072 8.042 7.972 7.895 8.014 8.033 7.841 7.795 7.74 7.714 7.744 7.822
5.872 5.913 5.9 5.943 6.26 6.366 6.464 6.466 6.558 6.546 6.498 6.699 7.41 7.285 7.541 7.903 8.405 8.285 8.628 8.8 8.75 8.729 8.702 8.66 8.526 8.394 8.369 8.155 7.878 7.877 7.857 7.946 8.126 8.087 8.15 8.056 8.001 7.961 7.918 7.859 7.869 7.879 7.912 7.919 7.894 7.925 7.868 7.836 7.784 7.708 7.688 7.688
5.408 5.308 5.609 5.65 5.789 6.217 6.434 6.469 6.453 6.453 6.484 6.673 7.202 7.363 7.857 7.898 8.113 8.131 8.272 8.495 8.453 8.484 8.519 8.429 8.32 8.359 8.4 8.046 7.732 7.703 7.626 7.749 7.959 8.033 8.071 7.999 7.882 7.822 7.741 7.713 7.694 7.699 7.809 7.863 7.777 7.801 7.845 7.851 7.819 7.775 7.743 7.736
5.155 5.066 5.185 5.288 5.401 5.944 6.192 6.293 6.342 6.467 6.557 6.81 7.098 7.302 7.719 7.685 7.814 7.859 7.986 8.233 8.178 8.27 8.334 8.222 8.133 8.233 8.244 7.882 7.606 7.484 7.409 7.535 7.676 7.841 7.928 7.934 7.766 7.762 7.571 7.574 7.592 7.543 7.654 7.651 7.751 7.729 7.762 7.795 7.789 7.798 7.747 7.916
5.029 4.942 4.933 5.047 5.135 5.622 5.912 6.047 6.281 6.474 6.609 6.922 7.032 7.161 7.301 7.36 7.54 7.531 7.812 8.026 7.992 8.145 8.211 8.136 8.088 8.029 7.884 7.619 7.464 7.25 7.283 7.397 7.423 7.503 7.777 7.941 7.738 7.622 7.457 7.456 7.492 7.464 7.46 7.631 7.634 7.657 7.754 7.765 7.751 7.774 7.882 7.965
4.999 4.868 4.92 4.981 5.009 5.281 5.674 5.793 6.296 6.357 6.526 6.772 6.891 7.062 7.057 7.177 7.265 7.422 7.511 7.768 8.015 8.056 8.225 8.055 7.903 7.809 7.68 7.543 7.506 7.383 7.193 7.234 7.248 7.409 7.49 7.622 7.621 7.566 7.414 7.408 7.428 7.424 7.435 7.462 7.502 7.569 7.653 7.748 7.768 7.867 7.986 7.986
5.001 4.865 4.813 5.01 5.016 4.909 5.1 5.468 5.743 5.809 5.985 5.858 6.491 7.059 6.963 6.945 7.064 7.262 7.44 7.621 7.852 8.018 8.065 7.928 7.795 7.725 7.519 7.449 7.461 7.341 7.192 7.16 7.139 7.255 7.272 7.322 7.407 7.471 7.454 7.375 7.378 7.387 7.461 7.397 7.408 7.485 7.53 7.71 7.769 7.917 7.991 7.967
5.155 5.005 4.928 4.932 4.906 4.894 4.94 5.135 5.307 5.368 5.455 5.376 5.973 6.776 6.793 6.791 6.927 7.105 7.319 7.491 7.693 7.88 7.852 7.8 7.698 7.644 7.455 7.403 7.331 7.246 7.22 7.143 7.094 7.1 7.158 7.112 7.155 7.335 7.52 7.349 7.344 7.334 7.466 7.534 7.368 7.417 7.439 7.616 7.685 7.736 7.821 7.882
5.258 5.155 5.078 4.919 4.873 4.956 4.944 4.935 5.042 5.07 5.076 5.146 5.481 6.311 6.556 6.692 6.836 6.924 7.114 7.344 7.574 7.615 7.629 7.686 7.578 7.496 7.53 7.452 7.114 7.232 7.187 7.149 7.118 7.113 7.159 7.065 7.05 7.217 7.353 7.385 7.36 7.234 7.258 7.491 7.362 7.361 7.455 7.62 7.577 7.505 7.617 7.659
5.243 5.233 5.185 5.035 4.99 4.941 4.961 4.984 4.979 4.95 5.008 4.871 5.271 5.856 6.284 6.549 6.762 6.613 6.933 7.108 7.387 7.44 7.301 7.564 7.486 7.465 7.474 7.489 7.26 7.38 7.252 7.197 7.187 7.161 7.155 7.017 7.022 7.142 7.327 7.313 7.293 7.252 7.284 7.411 7.401 7.34 7.4 7.587 7.407 7.424 7.466 7.508
5.047 4.997 5.194 5.126 5.063 5.027 4.895 5.047 4.869 4.664 4.855 4.805 4.945 5.188 5.531 6.208 6.307 6.582 6.854 6.915 7.272 7.308 7.306 7.43 7.463 7.4 7.42 7.451 7.338 7.391 7.265 7.273 7.205 7.168 7.149 7.045 7.056 7.063 7.258 7.209 7.265 7.274 7.325 7.34 7.401 7.31 7.308 7.489 7.264 7.434 7.407 7.422
4.872 4.898 5.065 5.058 4.918 4.956 4.879 4.94 4.814 4.69 4.825 4.811 4.829 4.834 5.103 5.608 5.738 6.25 6.66 6.691 7.131 7.185 7.268 7.281 7.393 7.314 7.378 7.397 7.354 7.328 7.256 7.301 7.193 7.134 7.129 7.13 7.125 7.012 7.137 7.116 7.279 7.261 7.291 7.312 7.32 7.249 7.213 7.295 7.25 7.448 7.5 7.37
4.796 4.827 4.962 4.979 4.807 4.833 4.809 4.766 4.769 4.864 4.881 4.83 4.848 4.743 4.954 5.003 5.227 5.655 6.234 6.387 6.905 7.05 7.053 7.149 7.224 7.226 7.351 7.371 7.309 7.263 7.268 7.157 7.209 7.06 7.056 7.186 7.176 7.141 7.131 7.116 7.09 7.297 7.262 7.311 7.439 7.226 7.238 7.28 7.248 7.277 7.349 7.327
4.832 4.762 4.934 4.936 4.845 4.727 4.623 4.619 4.686 5.009 4.99 4.787 4.85 4.753 4.83 5.1 5.098 5.309 5.241 5.856 6.446 6.842 6.941 7.198 7.215 7.215 7.267 7.189 7.175 7.152 7.016 7.078 6.894 6.898 6.916 7.034 7.159 7.11 7.13 7.225 7.146 7.236 7.211 7.291 7.374 7.264 7.232 7.21 7.229 7.211 7.246 7.266
4.916 4.822 4.825 4.827 4.797 4.873 4.698 4.621 4.739 4.918 4.985 4.925 4.895 4.877 4.796 5.047 5.123 5.072 5.125 5.65 6.124 6.504 6.634 6.935 7.076 7.116 7.087 6.987 7.09 7.066 6.934 6.905 6.767 6.71 6.742 6.792 7.005 6.981 7.018 7.279 7.256 7.182 7.18 7.248 7.291 7.248 7.191 7.162 7.172 7.204 7.185 7.21
4.902 4.843 4.857 4.848 4.814 4.901 4.737 4.712 4.786 4.838 4.937 4.973 4.929 4.95 4.802 4.953 5.025 4.959 5.005 5.312 5.74 6.083 6.262 6.652 6.864 6.948 6.963 6.869 6.99 6.936 6.886 6.7 6.739 6.539 6.585 6.558 6.753 6.805 6.839 7.228 7.305 7.166 7.174 7.184 7.281 7.09 7.116 7.207 7.053 7.181 7.148 7.213
4.814 4.811 4.941 4.837 4.817 4.867 4.71 4.765 4.789 4.749 4.829 4.926 4.921 4.941 4.826 4.876 4.858 4.911 4.748 4.847 5.266 5.613 5.892 6.446 6.603 6.737 7.004 6.912 6.812 6.675 6.676 6.565 6.582 6.468 6.558 6.546 6.585 6.717 6.898 7.077 7.015 7.019 7.089 7.178 7.071 6.956 6.952 6.989 7.093 7.052 7.097 7.083
4.684 4.739 5.012 4.748 4.769 4.801 4.593 4.681 4.711 4.621 4.637 4.792 4.821 4.814 4.852 4.936 4.886 4.768 4.704 4.835 4.904 5.173 5.575 5.837 6.226 6.578 6.739 6.792 6.759 6.591 6.66 6.619 6.479 6.571 6.607 6.528 6.54 6.613 6.722 6.909 6.845 6.833 7.027 6.88 6.989 6.844 6.79 6.804 6.966 6.951 7.051 7.065
4.651 4.733 4.882 4.854 4.738 4.747 4.534 4.636 4.665 4.73 4.626 4.715 4.724 4.722 4.834 4.794 4.793 4.809 4.774 4.84 4.813 4.8 5.068 5.34 5.89 6.478 6.597 6.74 6.681 6.584 6.598 6.609 6.385 6.562 6.554 6.471 6.518 6.578 6.569 6.744 6.659 6.653 6.866 6.601 6.85 6.695 6.648 6.702 6.806 6.863 6.997 7.093
4.592 4.73 4.872 4.961 4.769 4.663 4.495 4.496 4.585 4.621 4.591 4.625 4.621 4.699 4.773 4.724 4.68 4.845 4.82 4.842 4.781 4.619 4.733 5.003 5.465 6.201 6.317 6.643 6.59 6.59 6.505 6.561 6.336 6.476 6.457 6.42 6.51 6.582 6.487 6.572 6.438 6.484 6.579 6.491 6.542 6.476 6.543 6.743 6.763 6.767 6.902 7.032
4.554 4.724 4.889 4.995 4.808 4.633 4.508 4.405 4.518 4.487 4.536 4.515 4.542 4.684 4.67 4.704 4.6 4.822 4.813 4.836 4.75 4.648 4.697 4.83 4.896 5.586 5.703 6.402 6.496 6.539 6.415 6.543 6.423 6.458 6.519 6.516 6.534 6.417 6.373 6.323 6.364 6.288 6.381 6.384 6.289 6.401 6.445 6.621 6.572 6.742 6.843 6.898
4.548 4.72 4.901 4.929 4.825 4.707 4.603 4.485 4.527 4.543 4.476 4.388 4.528 4.556 4.514 4.581 4.672 4.698 4.781 4.828 4.752 4.572 4.585 4.648 4.739 5.04 5.584 6.298 6.371 6.545 6.516 6.685 6.472 6.471 6.483 6.496 6.562 6.38 6.354 6.296 6.269 6.29 6.339 6.352 6.263 6.365 6.425 6.533 6.484 6.637 6.784 6.723
4.568 4.783 4.999 4.859 4.723 4.728 4.691 4.608 4.57 4.495 4.432 4.391 4.452 4.432 4.401 4.523 4.493 4.616 4.752 4.784 4.768 4.673 4.619 4.602 4.602 4.737 5.257 5.881 5.777 6.339 6.574 6.732 6.466 6.551 6.501 6.539 6.521 6.351 6.369 6.324 6.194 6.305 6.321 6.332 6.268 6.34 6.435 6.48 6.473 6.536 6.703 6.567
4.597 4.828 5.035 4.86 4.619 4.733 4.76 4.718 4.673 4.49 4.418 4.401 4.417 4.383 4.363 4.416 4.375 4.55 4.686 4.72 4.749 4.738 4.686 4.602 4.532 4.614 4.909 5.276 5.119 6.008 6.527 6.627 6.49 6.688 6.571 6.628 6.448 6.34 6.39 6.346 6.158 6.255 6.271 6.287 6.181 6.301 6.431 6.46 6.515 6.555 6.573 6.546
4.603 4.808 4.987 4.849 4.608 4.75 4.812 4.806 4.776 4.511 4.437 4.423 4.419 4.388 4.359 4.315 4.355 4.49 4.584 4.635 4.675 4.697 4.722 4.605 4.552 4.635 4.696 4.638 4.854 5.662 6.293 6.309 6.708 6.846 6.62 6.637 6.545 6.523 6.383 6.315 6.217 6.248 6.31 6.284 6.216 6.259 6.398 6.414 6.526 6.553 6.545 6.518
4.579 4.72 4.85 4.802 4.738 4.798 4.851 4.856 4.813 4.531 4.499 4.474 4.433 4.383 4.31 4.399 4.378 4.442 4.488 4.498 4.575 4.673 4.657 4.639 4.555 4.532 4.501 4.578 4.673 4.999 5.511 6.077 6.462 6.567 6.511 6.659 6.571 6.494 6.427 6.377 6.279 6.318 6.307 6.29 6.206 6.236 6.322 6.426 6.486 6.49 6.5 6.48
