sandwich_west_overwash_utm.asc
ncols         136
nrows         230
xllcorner     376837.065
yllcorner     4624758.449
cellsize      0.875048900218
nodata_value  -9999.0
[rows 34 to 67 of 230, columns 0 to 75 of 136]
2.565 2.57 2.491 2.433 2.378 2.304 2.286 2.197 2.123 2.122 2.058 1.957 1.896 1.829 1.747 1.606 1.566 1.594 1.583 1.631 1.657 1.588 1.517 1.465 1.405 1.343 1.285 1.25 1.154 1.113 1.098 1.056 1.018 0.931 0.885 0.826 0.699 0.674 0.678 0.657 0.632 0.556 0.561 0.565 0.429 0.38 0.42 0.377 0.304 0.233 0.204 0.202 0.139 0.071 0.103 0.122 0.091 0.13 0.153 0.138 0.123 0.092 -9999.0 -9999.0 -9999.0 -9999.0 -9999.0 -9999.0 -9999.0 -9999.0 -9999.0 -9999.0 -9999.0 -9999.0 -9999.0 -9999.0
2.685 2.65 2.569 2.497 2.476 2.393 2.323 2.294 2.183 2.093 2.051 1.991 1.912 1.903 1.885 1.731 1.628 1.674 1.671 1.642 1.619 1.586 1.553 1.52 1.473 1.394 1.296 1.283 1.24 1.179 1.155 1.096 1.066 0.999 0.935 0.882 0.758 0.742 0.717 0.677 0.73 0.677 0.623 0.593 0.485 0.423 0.41 0.395 0.371 0.27 0.246 0.277 0.199 0.072 0.138 0.138 0.128 0.166 0.058 0.071 0.123 0.107 0.101 0.088 0.072 0.051 -9999.0 -9999.0 -9999.0 -9999.0 -9999.0 -9999.0 -9999.0 -9999.0 -9999.0 -9999.0
2.763 2.711 2.629 2.555 2.553 2.472 2.389 2.375 2.254 2.143 2.066 2.012 1.961 1.963 1.959 1.832 1.725 1.76 1.724 1.647 1.582 1.581 1.599 1.596 1.54 1.429 1.328 1.325 1.341 1.224 1.132 1.115 1.114 1.014 0.971 0.947 0.871 0.858 0.752 0.655 0.779 0.833 0.802 0.812 0.682 0.573 0.584 0.545 0.461 0.421 0.347 0.242 0.237 0.212 0.186 0.213 0.261 0.233 0.148 0.124 0.13 0.119 0.08 0.036 0.036 0.038 0.038 0.044 -9999.0 -9999.0 -9999.0 -9999.0 -9999.0 -9999.0 -9999.0 -9999.0
2.825 2.773 2.694 2.625 2.621 2.551 2.497 2.448 2.331 2.266 2.116 2.031 2.041 1.981 1.937 1.863 1.847 1.849 1.793 1.756 1.682 1.679 1.673 1.566 1.498 1.476 1.426 1.416 1.38 1.22 1.168 1.193 1.182 1.059 1.04 1.025 0.917 0.889 0.91 0.858 0.874 0.857 0.772 0.788 0.753 0.698 0.653 0.588 0.525 0.507 0.485 0.429 0.295 0.247 0.298 0.321 0.322 0.254 0.187 0.156 0.149 0.134 0.069 0.01 0.017 0.029 0.026 0.036 -9999.0 -9999.0 -9999.0 -9999.0 -9999.0 -9999.0 -9999.0 -9999.0
2.89 2.856 2.792 2.738 2.702 2.653 2.672 2.577 2.416 2.36 2.21 2.079 2.075 2.041 2.011 1.955 1.986 1.943 1.842 1.811 1.712 1.687 1.706 1.625 1.563 1.534 1.47 1.412 1.371 1.29 1.272 1.266 1.255 1.141 1.1 1.068 0.971 0.932 0.973 0.952 0.958 0.886 0.774 0.775 0.774 0.757 0.653 0.59 0.576 0.553 0.562 0.556 0.397 0.345 0.387 0.378 0.314 0.25 0.209 0.169 0.171 0.162 0.09 0.03 0.023 0.028 0.013 0.03 0.071 0.082 -9999.0 -9999.0 -9999.0 -9999.0 -9999.0 -9999.0
2.978 2.819 2.732 2.764 2.794 2.731 2.689 2.634 2.468 2.319 2.198 2.186 2.15 2.072 2.029 2.036 2.047 1.977 1.9 1.875 1.801 1.77 1.813 1.737 1.651 1.585 1.463 1.408 1.365 1.345 1.362 1.308 1.279 1.201 1.138 1.096 1.021 0.997 1.016 1.015 1.029 0.926 0.815 0.79 0.776 0.769 0.636 0.586 0.615 0.578 0.57 0.559 0.548 0.536 0.406 0.353 0.249 0.246 0.244 0.158 0.185 0.223 0.171 0.116 0.055 0.035 0.042 0.069 0.087 0.087 0.087 0.098 0.084 -9999.0 -9999.0 -9999.0
3.045 2.936 2.896 2.879 2.862 2.832 2.764 2.71 2.587 2.394 2.279 2.314 2.232 2.133 2.04 2.089 2.058 1.961 1.941 1.954 1.904 1.868 1.91 1.833 1.727 1.638 1.463 1.447 1.404 1.378 1.404 1.32 1.26 1.233 1.158 1.123 1.06 1.095 1.101 1.117 1.08 0.99 0.886 0.845 0.804 0.787 0.715 0.645 0.622 0.638 0.627 0.599 0.582 0.525 0.436 0.445 0.405 0.367 0.292 0.232 0.224 0.209 0.252 0.196 0.083 0.057 0.071 0.093 0.091 0.051 0.055 0.084 0.081 0.068 0.044 -9999.0
3.137 3.126 3.122 3.038 2.941 2.934 2.878 2.797 2.738 2.572 2.465 2.432 2.311 2.23 2.072 2.114 2.046 1.909 1.95 2.059 1.968 1.916 1.878 1.816 1.747 1.721 1.613 1.594 1.607 1.419 1.34 1.338 1.362 1.341 1.253 1.151 1.148 1.158 1.111 1.084 1.044 1.015 0.966 0.962 0.88 0.813 0.795 0.723 0.728 0.703 0.654 0.628 0.622 0.524 0.46 0.482 0.514 0.498 0.402 0.304 0.251 0.217 0.245 0.236 0.16 0.141 0.103 0.093 0.123 0.08 0.061 0.06 0.063 0.058 0.043 -9999.0
3.286 3.295 3.199 3.188 3.095 2.978 2.94 2.852 2.748 2.642 2.616 2.489 2.385 2.235 2.228 2.247 2.109 2.092 2.051 2.1 2.059 2.013 1.927 1.881 1.855 1.822 1.746 1.646 1.602 1.501 1.452 1.482 1.444 1.354 1.318 1.275 1.239 1.224 1.12 1.09 1.088 1.041 1.003 0.992 0.936 0.84 0.806 0.791 0.833 0.768 0.691 0.63 0.627 0.539 0.507 0.488 0.554 0.573 0.496 0.35 0.286 0.263 0.221 0.273 0.253 0.236 0.138 0.09 0.184 0.171 0.112 0.039 0.039 0.046 0.034 0.035
3.277 3.319 3.281 3.272 3.21 3.082 3.028 3.007 2.921 2.781 2.746 2.622 2.437 2.33 2.321 2.307 2.172 2.139 2.055 2.043 2.061 2.039 1.977 1.935 1.933 1.896 1.781 1.696 1.647 1.643 1.586 1.596 1.516 1.395 1.368 1.383 1.301 1.27 1.176 1.158 1.158 1.084 1.037 0.953 0.952 0.871 0.801 0.849 0.896 0.832 0.744 0.619 0.596 0.575 0.589 0.487 0.512 0.541 0.501 0.355 0.353 0.359 0.322 0.366 0.27 0.199 0.184 0.149 0.215 0.152 0.116 0.128 0.076 0.028 0.026 0.041
3.312 3.329 3.337 3.326 3.263 3.157 3.104 3.128 3.055 2.909 2.862 2.731 2.558 2.484 2.367 2.338 2.236 2.127 2.063 2.016 2.045 2.04 2.033 1.993 1.982 1.949 1.772 1.761 1.761 1.805 1.686 1.634 1.573 1.495 1.41 1.409 1.321 1.276 1.332 1.298 1.181 1.173 1.13 0.887 0.878 0.928 0.968 0.902 0.858 0.881 0.796 0.737 0.652 0.628 0.655 0.622 0.585 0.531 0.535 0.469 0.532 0.407 0.386 0.383 0.222 0.266 0.269 0.182 0.113 0.068 0.106 0.123 0.05 0.0069093201 0.024 0.042
3.345 3.318 3.347 3.347 3.264 3.196 3.159 3.196 3.151 3.023 2.955 2.806 2.77 2.66 2.402 2.369 2.302 2.122 2.156 2.145 2.079 2.082 2.101 2.092 2.021 2.003 1.894 1.814 1.826 1.832 1.692 1.643 1.474 1.453 1.495 1.438 1.36 1.331 1.376 1.259 1.127 1.114 1.082 1.04 1.041 0.991 0.997 0.936 0.85 0.835 0.788 0.771 0.707 0.633 0.718 0.732 0.636 0.562 0.497 0.505 0.577 0.458 0.44 0.447 0.301 0.351 0.326 0.23 0.121 0.087 0.128 0.124 0.052 0.011 0.029 0.046
3.323 3.284 3.277 3.323 3.235 3.194 3.178 3.221 3.328 3.174 2.988 2.964 2.911 2.76 2.658 2.484 2.399 2.277 2.221 2.167 2.172 2.029 2.055 2.033 2.017 1.951 1.947 1.827 1.853 1.874 1.745 1.685 1.568 1.513 1.503 1.471 1.385 1.36 1.376 1.28 1.145 1.147 1.19 1.168 1.135 1.052 1.009 0.957 0.893 0.846 0.8 0.807 0.77 0.654 0.729 0.768 0.677 0.617 0.495 0.521 0.55 0.513 0.468 0.536 0.463 0.431 0.354 0.3 0.274 0.232 0.194 0.175 0.112 0.047 0.041 0.061
3.346 3.193 3.245 3.238 3.202 3.202 3.232 3.298 3.38 3.251 3.131 3.036 2.953 2.834 2.779 2.65 2.594 2.461 2.341 2.27 2.195 1.991 2.044 2.049 2.04 1.991 1.962 1.899 1.896 1.886 1.833 1.764 1.689 1.611 1.543 1.531 1.439 1.408 1.373 1.329 1.215 1.229 1.33 1.239 1.161 1.114 1.039 0.995 0.989 0.944 0.855 0.876 0.838 0.722 0.667 0.709 0.716 0.68 0.655 0.576 0.552 0.548 0.445 0.57 0.539 0.509 0.37 0.38 0.419 0.399 0.284 0.277 0.105 0.033 0.012 0.122
3.517 3.377 3.284 3.17 3.175 3.182 3.206 3.298 3.38 3.336 3.294 3.155 3.026 2.942 2.902 2.813 2.735 2.603 2.464 2.395 2.236 2.05 2.093 2.128 2.086 2.092 1.944 2.011 1.95 1.877 1.939 1.867 1.768 1.717 1.672 1.62 1.551 1.511 1.403 1.36 1.315 1.281 1.254 1.265 1.184 1.176 1.14 1.145 1.107 1.05 0.964 0.977 0.882 0.784 0.778 0.766 0.679 0.655 0.652 0.593 0.566 0.572 0.507 0.587 0.547 0.454 0.444 0.434 0.431 0.388 0.317 0.315 0.174 0.087 0.055 0.104
3.757 3.664 3.423 3.222 3.215 3.155 3.132 3.239 3.344 3.411 3.413 3.316 3.162 3.105 3.088 2.933 2.736 2.663 2.549 2.484 2.415 2.303 2.23 2.214 2.151 2.11 1.922 2.018 1.97 1.947 1.959 1.904 1.832 1.77 1.769 1.68 1.503 1.534 1.434 1.383 1.305 1.278 1.254 1.27 1.227 1.204 1.204 1.133 1.039 1.029 0.987 1.01 0.904 0.788 0.804 0.787 0.74 0.685 0.642 0.631 0.565 0.564 0.575 0.563 0.532 0.44 0.476 0.484 0.442 0.357 0.327 0.296 0.235 0.185 0.133 0.109
3.979 3.82 3.733 3.556 3.441 3.173 3.138 3.226 3.256 3.323 3.328 3.201 3.255 3.312 3.232 3.051 2.893 2.824 2.738 2.615 2.545 2.415 2.413 2.297 2.23 2.105 2.014 1.989 1.956 1.961 1.963 1.866 1.881 1.851 1.81 1.723 1.588 1.579 1.496 1.387 1.374 1.355 1.28 1.255 1.205 1.204 1.198 1.14 1.01 1.007 1.001 1.051 0.927 0.809 0.819 0.793 0.801 0.728 0.634 0.644 0.571 0.575 0.619 0.53 0.502 0.473 0.456 0.519 0.466 0.356 0.322 0.238 0.251 0.31 0.214 0.217
4.228 4.095 3.939 3.812 3.714 3.525 3.471 3.352 3.173 3.133 3.277 3.218 3.32 3.431 3.28 3.198 3.013 2.96 2.829 2.8 2.701 2.574 2.541 2.359 2.292 2.137 2.115 2.036 1.975 2.009 1.954 1.855 1.914 1.901 1.824 1.763 1.705 1.652 1.577 1.445 1.465 1.47 1.34 1.248 1.162 1.195 1.157 1.202 1.049 1.021 1.03 1.116 0.955 0.883 0.861 0.8 0.782 0.756 0.641 0.567 0.629 0.696 0.588 0.574 0.45 0.47 0.459 0.444 0.404 0.376 0.291 0.275 0.271 0.291 0.19 0.203
4.403 4.319 4.141 4.025 3.925 3.789 3.7 3.517 3.25 3.197 3.233 3.229 3.359 3.441 3.343 3.346 3.155 3.099 2.918 2.968 2.836 2.738 2.633 2.447 2.372 2.246 2.217 2.154 2.046 2.092 1.941 1.909 1.933 1.89 1.833 1.807 1.775 1.768 1.659 1.657 1.476 1.555 1.467 1.302 1.238 1.211 1.236 1.263 1.055 1.082 1.063 1.082 0.945 0.94 0.884 0.903 0.866 0.769 0.699 0.643 0.648 0.609 0.543 0.538 0.437 0.491 0.463 0.361 0.362 0.379 0.282 0.286 0.294 0.247 0.225 0.26
4.596 4.508 4.369 4.207 4.088 3.961 3.83 3.727 3.496 3.518 3.229 3.192 3.366 3.349 3.471 3.464 3.365 3.262 3.103 3.022 2.897 2.834 2.741 2.656 2.55 2.498 2.349 2.233 2.209 2.089 1.997 2.002 1.99 1.844 1.83 1.859 1.825 1.839 1.812 1.749 1.594 1.494 1.469 1.436 1.327 1.378 1.339 1.284 1.189 1.104 1.026 1.059 0.977 0.939 0.887 0.862 0.864 0.797 0.712 0.697 0.683 0.595 0.565 0.502 0.52 0.503 0.513 0.393 0.42 0.406 0.329 0.314 0.316 0.237 0.296 0.333
4.926 4.681 4.665 4.372 4.253 4.154 4.04 4.033 3.8 3.687 3.583 3.134 3.279 3.348 3.459 3.493 3.515 3.452 3.295 3.088 2.997 2.902 2.813 2.731 2.652 2.611 2.423 2.341 2.31 2.241 2.115 2.087 2.106 1.961 1.877 1.907 1.881 1.877 1.852 1.751 1.616 1.531 1.516 1.522 1.355 1.425 1.393 1.286 1.243 1.181 1.106 1.085 1.011 0.983 0.926 0.83 0.858 0.859 0.726 0.744 0.731 0.651 0.643 0.515 0.663 0.514 0.592 0.522 0.563 0.456 0.42 0.369 0.34 0.296 0.375 0.378
5.145 5.043 4.805 4.635 4.439 4.521 4.287 4.24 3.974 3.747 3.718 3.394 3.322 3.362 3.395 3.431 3.5 3.506 3.402 3.264 3.128 3.003 2.921 2.83 2.724 2.681 2.547 2.475 2.397 2.392 2.229 2.186 2.145 2.061 1.95 1.954 1.947 1.89 1.841 1.749 1.628 1.636 1.595 1.568 1.396 1.406 1.417 1.291 1.218 1.32 1.318 1.16 1.035 1.127 1.03 0.925 0.912 0.971 0.803 0.808 0.784 0.731 0.751 0.675 0.732 0.581 0.584 0.541 0.602 0.45 0.366 0.381 0.468 0.327 0.357 0.493
5.352 5.209 5.007 4.885 4.68 4.783 4.457 4.277 4.15 3.85 3.844 3.709 3.475 3.353 3.395 3.376 3.415 3.474 3.441 3.445 3.278 3.139 3.065 2.954 2.799 2.74 2.71 2.615 2.483 2.483 2.319 2.297 2.065 2.067 2.048 2.011 2.027 1.884 1.849 1.847 1.767 1.718 1.666 1.63 1.663 1.616 1.496 1.37 1.423 1.315 1.26 1.212 1.162 1.167 1.118 0.979 0.941 0.909 0.859 0.796 0.74 0.751 0.695 0.74 0.716 0.649 0.622 0.573 0.595 0.459 0.396 0.374 0.47 0.422 0.485 0.541
5.534 5.303 5.234 5.111 4.944 4.923 4.605 4.255 4.38 4.049 4.014 3.967 3.73 3.345 3.524 3.385 3.33 3.397 3.431 3.498 3.439 3.307 3.236 3.078 2.954 2.83 2.806 2.71 2.569 2.47 2.383 2.347 2.177 2.191 2.316 2.257 2.118 2.021 1.955 1.911 1.844 1.822 1.711 1.703 1.76 1.609 1.613 1.543 1.477 1.407 1.342 1.31 1.176 1.189 1.122 1.068 1.013 0.932 0.885 0.788 0.801 0.88 0.762 0.776 0.732 0.71 0.7 0.605 0.577 0.445 0.453 0.414 0.423 0.467 0.591 0.496
5.672 5.538 5.378 5.325 5.137 5.007 4.938 4.619 4.707 4.395 4.151 4.152 3.979 3.816 3.626 3.389 3.404 3.37 3.363 3.485 3.419 3.444 3.329 3.192 3.09 2.968 3.043 2.857 2.769 2.661 2.531 2.422 2.226 2.338 2.41 2.315 2.189 2.132 1.979 2.048 1.908 1.877 1.722 1.802 1.788 1.64 1.674 1.656 1.506 1.505 1.401 1.426 1.284 1.247 1.142 1.165 1.092 0.974 0.918 0.852 0.905 1.02 0.895 0.799 0.771 0.768 0.794 0.629 0.572 0.418 0.519 0.526 0.377 0.391 0.554 0.347
5.942 5.715 5.61 5.505 5.267 5.075 5.147 4.956 4.901 4.641 4.387 4.349 4.205 4.014 3.77 3.459 3.517 3.436 3.387 3.356 3.392 3.467 3.257 3.25 3.161 3.128 3.199 2.996 2.943 2.858 2.68 2.54 2.36 2.475 2.425 2.357 2.264 2.221 2.029 2.193 1.985 1.901 1.758 1.871 1.754 1.717 1.676 1.671 1.551 1.569 1.4 1.544 1.564 1.359 1.249 1.243 1.146 0.958 1.019 1.079 0.92 0.964 0.9 0.856 0.727 0.858 0.794 0.625 0.633 0.558 0.625 0.567 0.469 0.508 0.508 0.57
6.232 5.978 5.844 5.741 5.523 5.231 5.318 5.224 5.076 4.862 4.659 4.535 4.341 4.188 3.967 3.634 3.707 3.552 3.466 3.245 3.314 3.357 3.141 3.268 3.209 3.279 3.272 3.127 3.064 3.003 2.808 2.708 2.644 2.579 2.437 2.513 2.354 2.295 2.24 2.241 2.122 1.937 1.944 1.753 1.653 1.702 1.711 1.591 1.6 1.572 1.562 1.579 1.481 1.445 1.345 1.414 1.248 1.062 1.153 1.128 0.987 1.049 0.934 0.939 0.898 0.952 0.81 0.757 0.765 0.721 0.673 0.566 0.594 0.549 0.547 0.68
6.457 6.233 6.061 6.032 5.852 5.486 5.484 5.426 5.254 5.058 4.926 4.716 4.383 4.468 4.212 3.942 4.002 3.673 3.559 3.338 3.093 3.096 3.233 3.271 3.355 3.331 3.432 3.284 3.19 3.135 2.965 2.875 2.886 2.717 2.643 2.647 2.511 2.39 2.328 2.279 2.245 2.095 2.03 1.911 1.893 1.786 1.829 1.684 1.666 1.533 1.636 1.631 1.537 1.545 1.484 1.466 1.358 1.186 1.236 1.136 1.09 1.115 1.03 1.042 1.002 0.971 0.937 0.876 0.89 0.855 0.647 0.594 0.625 0.548 0.6 0.699
6.502 6.319 6.247 6.359 6.07 5.846 5.718 5.605 5.381 5.132 5.079 4.983 4.6 4.667 4.465 4.178 4.197 3.988 3.857 3.483 3.388 3.227 3.287 3.098 3.307 3.388 3.478 3.41 3.303 3.29 3.131 3.027 2.939 2.804 2.78 2.822 2.607 2.519 2.446 2.4 2.288 2.233 2.06 2.058 2.067 1.921 1.91 1.786 1.768 1.604 1.699 1.717 1.592 1.659 1.585 1.454 1.452 1.283 1.288 1.172 1.201 1.174 1.157 1.149 1.029 0.963 1.138 0.94 0.997 0.937 0.567 0.68 0.5 0.54 0.604 0.652
6.846 6.761 6.478 6.363 6.127 6.053 5.937 5.741 5.723 5.382 5.289 5.182 4.858 4.856 4.745 4.495 4.408 4.216 4.068 3.755 3.684 3.356 3.282 3.065 3.25 3.437 3.471 3.467 3.402 3.426 3.326 3.13 2.982 2.954 2.9 2.935 2.711 2.67 2.59 2.52 2.331 2.338 2.119 2.164 2.138 2.075 1.947 1.894 1.917 1.825 1.777 1.827 1.589 1.782 1.584 1.438 1.498 1.304 1.338 1.33 1.268 1.296 1.23 1.22 1.129 1.159 1.113 0.998 1.144 0.983 0.66 0.66 0.642 0.602 0.567 0.602
7.141 6.993 6.751 6.579 6.282 6.256 6.134 5.896 6.037 5.672 5.52 5.353 5.132 5.05 4.984 4.757 4.574 4.383 4.215 4.018 3.961 3.521 3.356 3.231 3.235 3.463 3.429 3.47 3.476 3.534 3.524 3.196 3.112 3.215 3.028 2.92 2.881 2.828 2.747 2.523 2.512 2.414 2.362 2.26 2.199 2.154 2.049 2.19 2.129 2.042 1.86 1.83 1.828 1.79 1.596 1.562 1.62 1.499 1.488 1.454 1.418 1.329 1.308 1.424 1.244 1.168 1.088 1.09 1.181 0.965 0.797 0.816 0.753 0.671 0.657 0.7
7.403 7.172 7.015 6.934 6.564 6.472 6.334 6.1 6.254 5.942 5.775 5.533 5.406 5.251 5.136 4.875 4.649 4.516 4.311 4.1 4.239 3.853 3.772 3.665 3.307 3.436 3.36 3.525 3.48 3.616 3.521 3.438 3.273 3.377 3.07 3.104 3.012 2.891 2.818 2.706 2.67 2.556 2.495 2.416 2.367 2.3 2.108 2.252 2.178 2.051 1.962 1.919 1.933 1.961 1.718 1.677 1.71 1.605 1.662 1.588 1.504 1.438 1.424 1.513 1.349 1.215 1.229 1.198 1.184 1.024 0.934 0.982 0.839 0.72 0.767 0.82
7.688 7.578 7.156 7.177 6.974 6.69 6.627 6.436 6.328 6.105 6.153 5.867 5.619 5.425 5.235 5.069 4.831 4.551 4.572 4.373 4.432 4.048 3.977 3.877 3.717 3.694 3.471 3.558 3.555 3.568 3.535 3.568 3.389 3.464 3.3 3.249 3.123 2.933 2.947 2.813 2.817 2.736 2.642 2.544 2.531 2.476 2.279 2.283 2.264 2.142 2.047 2.021 2.016 2.106 1.895 1.804 1.798 1.678 1.784 1.685 1.573 1.584 1.538 1.507 1.428 1.328 1.483 1.301 1.185 1.185 1.046 1.078 0.904 0.73 0.804 0.842
7.924 7.756 7.535 7.388 7.122 6.888 6.845 6.654 6.59 6.287 6.283 6.025 5.856 5.644 5.474 5.413 5.076 4.851 4.798 4.583 4.497 4.171 4.16 4.056 4.001 3.946 3.718 3.65 3.628 3.506 3.609 3.569 3.482 3.489 3.494 3.347 3.234 3.039 3.103 2.965 2.953 2.906 2.807 2.678 2.674 2.635 2.54 2.361 2.431 2.376 2.112 2.109 2.129 2.107 2.085 1.959 1.918 1.782 1.749 1.671 1.714 1.651 1.564 1.553 1.431 1.384 1.443 1.329 1.178 1.206 1.164 1.19 0.96 0.912 0.907 0.934
