sandwich_west_overwash_utm.asc
ncols         136
nrows         230
xllcorner     376837.065
yllcorner     4624758.449
cellsize      0.875048900218
nodata_value  -9999.0
[rows 170 to 203 of 230, columns 0 to 75 of 136]
4.094 4.153 4.18 4.354 4.539 4.724 4.978 5.35 5.573 5.722 5.906 6.152 6.304 6.597 6.783 7.074 7.12 7.201 7.156 7.273 7.454 7.558 7.668 7.765 7.813 7.894 8.115 7.934 7.961 8.026 8.282 8.261 8.157 8.235 8.091 8.198 8.247 8.283 8.376 8.357 8.274 8.519 8.401 8.394 8.597 8.606 8.693 8.729 8.75 8.767 8.675 8.737 8.715 8.712 8.71 8.806 8.744 8.721 8.621 8.766 8.477 8.45 8.4 8.173 8.099 8.285 8.439 8.348 8.284 8.378 8.252 8.335 8.584 8.469 8.618 8.931
4.022 4.002 4.082 4.228 4.395 4.593 4.826 5.147 5.303 5.563 5.857 5.957 6.03 6.401 6.515 6.697 6.708 6.815 6.791 7.065 7.161 7.183 7.294 7.59 7.56 7.693 7.892 7.852 7.912 7.846 8.091 8.1 7.94 8.082 8.064 8.178 8.099 8.113 8.091 8.195 8.003 8.191 8.225 8.171 8.27 8.303 8.34 8.435 8.48 8.539 8.514 8.546 8.477 8.541 8.435 8.555 8.542 8.515 8.401 8.378 8.308 8.35 8.152 8.044 7.93 8.003 7.978 7.941 7.964 8.158 7.953 7.871 8.069 8.039 8.254 8.352
3.906 3.858 3.984 4.126 4.234 4.456 4.724 4.904 5.104 5.462 5.877 5.895 5.94 6.177 6.237 6.305 6.313 6.44 6.451 6.764 6.911 6.879 7.2 7.39 7.392 7.615 7.788 7.652 7.845 7.73 7.809 7.902 7.982 8.038 8.013 7.956 7.973 7.969 7.962 8.071 8.071 8.022 8.05 8.11 8.12 8.024 8.159 8.157 8.246 8.398 8.389 8.358 8.328 8.375 8.258 8.336 8.308 8.311 8.228 8.148 8.093 8.12 7.912 7.899 7.836 7.696 7.654 7.754 7.666 7.866 7.672 7.546 7.627 7.604 7.841 7.701
3.735 3.732 3.894 4.02 4.227 4.425 4.619 4.692 5.01 5.315 5.68 5.56 5.664 6.036 6.127 6.306 6.34 6.424 6.539 6.554 6.747 6.965 6.912 7.173 7.007 7.188 7.406 7.382 7.57 7.572 7.678 7.666 7.761 7.787 7.801 7.607 7.727 7.764 7.842 7.941 7.99 7.965 7.965 8.059 8.01 7.941 8.01 8.038 8.075 8.186 8.232 8.181 8.164 8.195 8.115 8.13 8.123 8.082 8.026 8.006 7.91 7.898 7.701 7.662 7.695 7.398 7.423 7.635 7.39 7.498 7.397 7.352 7.279 7.201 7.427 7.216
3.603 3.619 3.807 3.959 4.115 4.272 4.534 4.657 4.717 5.014 5.315 5.455 5.619 5.788 5.903 6.037 6.224 6.182 6.354 6.388 6.449 6.687 6.629 6.842 6.777 6.895 6.994 7.051 7.226 7.385 7.318 7.333 7.524 7.424 7.475 7.27 7.542 7.616 7.716 7.818 7.811 7.891 7.899 7.98 7.925 7.958 7.904 8.009 7.939 7.931 8.038 8.01 7.98 8.004 7.992 7.933 8.011 7.817 7.761 7.906 7.813 7.797 7.53 7.243 7.343 7.174 7.134 7.209 7.171 7.101 7.021 7.095 6.849 7.041 7.252 7.142
3.523 3.593 3.69 3.881 4.002 4.141 4.402 4.601 4.629 4.853 5.1 5.343 5.568 5.698 5.822 5.831 6.048 5.986 6.164 6.203 6.217 6.411 6.478 6.576 6.69 6.713 6.639 6.741 6.891 7.124 6.861 6.985 7.286 7.037 7.1 7.032 7.454 7.554 7.567 7.7 7.579 7.694 7.796 7.834 7.85 7.93 7.889 7.91 7.791 7.76 7.798 7.816 7.854 7.836 7.913 7.753 7.85 7.609 7.599 7.645 7.44 7.475 7.275 7.067 7.148 7.038 7.032 7.002 6.826 6.89 6.691 6.778 6.486 6.716 7.008 6.791
3.458 3.568 3.601 3.801 3.951 4.054 4.221 4.501 4.624 4.785 4.992 5.209 5.453 5.724 5.863 5.763 5.859 5.928 6.074 5.968 6.171 6.401 6.545 6.555 6.715 6.597 6.468 6.595 6.69 6.668 6.83 6.87 6.883 6.937 6.92 7.095 7.192 7.393 7.367 7.458 7.532 7.603 7.765 7.694 7.72 7.769 7.758 7.678 7.746 7.656 7.664 7.691 7.595 7.614 7.683 7.483 7.507 7.488 7.39 7.438 7.203 7.175 7.069 6.857 7.011 6.884 6.817 6.757 6.527 6.662 6.416 6.432 6.378 6.346 6.631 6.466
3.381 3.485 3.587 3.732 4.028 4.033 3.992 4.333 4.405 4.663 4.79 5.148 5.229 5.424 5.642 5.685 5.838 5.748 5.893 5.937 5.833 6.262 6.28 6.428 6.429 6.468 6.412 6.404 6.524 6.498 6.714 6.778 6.707 6.779 6.845 6.985 6.95 7.142 7.221 7.26 7.358 7.389 7.605 7.483 7.586 7.599 7.615 7.517 7.665 7.546 7.549 7.543 7.409 7.416 7.36 7.232 7.225 7.338 7.105 7.18 7.001 6.899 6.828 6.647 6.834 6.68 6.54 6.438 6.314 6.394 6.185 6.108 6.432 6.002 6.15 6.272
3.25 3.424 3.537 3.648 3.716 3.876 3.972 4.213 4.399 4.5 4.687 4.857 4.934 5.049 5.385 5.473 5.719 5.573 5.785 5.842 5.806 6.06 6.094 6.226 6.159 6.284 6.294 6.295 6.486 6.417 6.589 6.524 6.528 6.618 6.739 6.788 6.776 6.889 7.013 7.053 7.141 7.15 7.389 7.297 7.364 7.435 7.482 7.392 7.513 7.413 7.418 7.356 7.311 7.24 7.01 7.061 7.102 7.087 6.746 6.812 6.756 6.655 6.46 6.494 6.471 6.393 6.342 6.01 6.232 6.116 5.937 5.985 5.939 5.94 5.945 5.911
3.205 3.405 3.414 3.567 3.655 3.766 3.941 4.144 4.284 4.401 4.582 4.672 4.78 4.851 5.117 5.265 5.515 5.443 5.71 5.753 5.866 5.819 5.953 6.021 5.958 6.105 6.136 6.23 6.456 6.368 6.446 6.198 6.343 6.469 6.545 6.562 6.67 6.68 6.697 6.814 6.943 6.964 7.18 7.241 6.938 7.301 7.382 7.196 7.255 7.235 7.206 7.148 7.122 6.994 6.946 7.025 7.002 6.768 6.622 6.715 6.429 6.429 6.311 6.277 6.444 6.178 6.144 5.901 6.052 5.898 5.838 5.984 5.92 5.752 5.714 5.643
3.146 3.322 3.295 3.468 3.656 3.71 3.901 4.082 4.111 4.325 4.451 4.588 4.737 4.811 4.869 5.081 5.251 5.358 5.631 5.696 5.846 5.575 5.819 5.901 5.872 6.017 5.98 6.106 6.188 6.268 6.249 6.2 6.316 6.313 6.232 6.45 6.474 6.558 6.591 6.707 6.715 6.534 6.624 6.957 6.655 6.983 7.033 6.985 7.021 7.042 7.092 7.023 6.781 6.847 6.739 6.88 6.776 6.717 6.522 6.422 6.232 6.204 6.038 6.082 6.273 5.931 5.831 5.791 5.834 5.761 5.754 5.864 5.781 5.524 5.435 5.294
3.015 3.117 3.238 3.321 3.52 3.713 3.874 3.959 4.012 4.153 4.257 4.402 4.556 4.651 4.72 4.804 5.015 5.239 5.307 5.478 5.663 5.484 5.73 5.735 5.82 5.877 5.921 5.96 5.99 6.097 6.054 6.056 6.16 6.229 6.163 6.368 6.367 6.465 6.539 6.539 6.495 6.399 6.448 6.599 6.497 6.728 6.656 6.763 6.789 6.702 6.804 6.83 6.538 6.625 6.543 6.63 6.521 6.57 6.317 6.131 6.047 6.008 5.809 5.887 6.003 5.732 5.541 5.656 5.647 5.618 5.632 5.615 5.418 5.281 5.114 4.834
2.912 3.096 3.197 3.274 3.439 3.535 3.674 3.757 3.819 3.845 3.919 4.144 4.377 4.524 4.587 4.612 4.699 4.957 4.953 5.154 5.359 5.259 5.569 5.582 5.695 5.782 5.813 5.839 5.813 5.896 5.84 5.956 5.987 6.112 6.086 6.283 6.256 6.337 6.459 6.367 6.344 6.39 6.399 6.323 6.4 6.507 6.321 6.518 6.529 6.307 6.397 6.543 6.397 6.318 6.382 6.302 6.26 6.16 5.961 5.96 5.79 5.881 5.807 5.664 5.725 5.739 5.535 5.534 5.613 5.215 5.424 5.432 5.099 4.986 4.883 4.584
2.756 2.979 3.124 3.18 3.336 3.295 3.465 3.516 3.46 3.514 3.599 3.874 4.199 4.205 4.351 4.402 4.376 4.667 4.61 4.841 5.068 4.976 5.346 5.391 5.536 5.645 5.597 5.662 5.652 5.675 5.643 5.886 5.825 5.93 5.929 6.158 6.096 6.149 6.296 6.227 6.293 6.348 6.251 6.292 6.281 6.264 6.122 6.219 6.197 6.178 6.186 6.147 6.141 6.103 6.118 6.074 5.954 5.877 5.834 5.787 5.728 5.666 5.827 5.628 5.502 5.604 5.459 5.341 5.447 5.102 4.973 5.081 4.867 4.724 4.689 4.342
2.621 2.796 2.994 3.038 3.14 3.058 3.189 3.207 2.942 3.093 3.199 3.523 3.93 3.719 4.014 4.139 4.105 4.435 4.303 4.606 4.868 4.692 5.065 5.115 5.378 5.335 5.181 5.272 5.508 5.446 5.561 5.676 5.704 5.69 5.729 5.866 5.848 5.99 5.897 6.031 6.082 6.103 6.107 6.254 6.111 6.178 6.062 6.144 6.166 5.993 5.995 5.913 5.982 5.998 5.781 5.838 5.801 5.79 5.749 5.73 5.658 5.504 5.63 5.479 5.321 5.373 5.356 5.108 5.141 4.909 4.701 4.749 4.643 4.484 4.403 4.136
2.534 2.563 2.79 2.84 2.782 2.896 2.743 2.784 2.271 2.376 2.375 2.833 3.294 3.416 3.765 3.814 4.085 4.209 3.997 4.342 4.355 4.399 4.718 4.566 4.801 4.963 5.117 5.234 5.188 5.315 5.51 5.464 5.58 5.613 5.706 5.736 5.755 5.892 5.678 5.813 5.947 5.888 5.978 6.101 5.955 6.053 5.968 6.032 6.071 5.836 5.826 5.769 5.8 5.896 5.645 5.692 5.7 5.734 5.67 5.675 5.537 5.367 5.341 5.3 5.147 5.087 5.151 4.83 4.768 4.636 4.611 4.495 4.402 4.253 4.034 3.966
2.082 2.334 2.489 2.576 2.525 2.401 2.296 2.207 1.682 1.769 1.534 2.25 2.715 3.128 3.436 3.542 3.731 3.89 3.711 4 4.085 4.101 4.357 4.223 4.475 4.783 4.737 4.945 4.755 4.994 5.241 5.165 5.403 5.382 5.574 5.547 5.602 5.694 5.418 5.555 5.763 5.62 5.735 5.811 5.761 5.866 5.734 5.873 5.915 5.712 5.698 5.679 5.589 5.763 5.732 5.65 5.606 5.622 5.566 5.533 5.327 5.238 5.107 5.207 4.937 4.79 4.683 4.501 4.535 4.435 4.394 4.373 4.134 4.031 3.993 3.823
1.888 2.076 2 2.192 2.283 2.024 1.848 1.733 1.24 1.278 1.124 1.798 2.246 2.742 3.078 3.092 3.289 3.524 3.497 3.649 3.809 3.783 3.984 3.971 4.257 4.541 4.187 4.486 4.288 4.522 4.743 4.777 5.103 4.898 5.214 5.211 5.25 5.294 4.991 5.227 5.425 5.213 5.238 5.353 5.46 5.583 5.189 5.713 5.807 5.607 5.669 5.61 5.487 5.495 5.498 5.521 5.587 5.52 5.401 5.161 5.087 4.881 4.789 5.015 4.771 4.6 4.436 4.338 4.37 4.142 4.242 4.138 3.898 3.903 3.826 3.673
1.665 1.743 1.486 1.703 1.943 1.702 1.438 1.295 0.885 0.935 1.063 1.44 1.826 2.225 2.663 2.48 2.863 3.135 3.345 3.309 3.351 3.435 3.591 3.662 3.909 3.882 3.803 4.123 3.968 4.123 4.101 4.341 4.481 4.145 4.522 4.757 4.356 4.593 4.465 4.552 4.786 4.628 4.762 4.701 4.825 5.043 4.766 5.203 5.377 5.31 5.451 5.117 5.301 5.317 5.232 5.381 5.132 5.207 5.111 4.764 4.759 4.554 4.564 4.685 4.451 4.328 4.266 4.2 4.206 4.011 4.018 3.874 3.724 3.74 3.643 3.507
1.228 1.31 1.091 1.112 1.36 1.338 1.114 0.727 0.493 0.776 0.949 1.032 1.213 1.538 2.04 2.318 2.5 2.66 2.618 2.853 2.814 3.08 3.248 3.189 3.473 3.481 3.561 3.626 3.583 3.8 3.659 3.771 3.906 3.358 3.452 3.821 3.62 3.861 3.785 3.952 4.162 3.753 3.977 4.036 4.205 4.46 4.19 4.673 4.865 4.739 4.909 4.463 4.849 5.009 4.83 4.995 4.583 4.756 4.725 4.353 4.418 4.267 4.342 4.271 4.07 4.05 4.075 3.99 4.022 3.97 3.712 3.634 3.594 3.518 3.481 3.321
0.878 0.683 0.684 0.9 0.917 0.503 0.447 0.263 0.333 0.507 0.566 0.658 0.649 0.944 1.457 1.856 2.039 2.226 2.288 2.554 2.537 2.716 2.839 2.836 3.021 2.983 3.215 3.275 3.209 3.447 3.301 3.219 3.33 2.72 2.497 2.727 2.823 3.02 2.794 3.164 3.429 2.819 3.137 3.386 3.491 3.821 3.457 4.062 4.291 3.988 4.135 3.708 4.114 4.477 4.25 4.319 4.11 4.216 4.265 3.944 4.131 4.02 4.022 3.86 3.798 3.922 3.685 3.523 3.747 3.656 3.402 3.526 3.412 3.345 3.272 3.18
0.449 0.347 0.432 0.443 0.449 0.276 0.352 0.231 0.234 0.26 0.245 0.389 0.296 0.482 0.957 1.389 1.665 1.859 2.032 2.279 2.292 2.347 2.451 2.488 2.56 2.485 2.782 2.966 2.816 3.029 2.937 2.703 2.727 2.233 1.823 1.662 1.899 2.032 1.436 2.011 2.503 2.065 2.525 2.76 2.489 3.086 2.575 3.127 3.647 3.424 3.521 2.881 3.277 3.636 3.615 3.784 3.64 3.688 3.863 3.675 3.645 3.513 3.655 3.644 3.44 3.466 3.443 3.386 3.462 3.382 3.24 3.283 3.221 3.279 3.182 3.044
0.231 0.274 0.332 0.118 0.18 0.381 0.514 0.384 0.182 0.115 0.091 0.257 0.195 0.219 0.577 1.009 1.435 1.552 1.67 1.924 1.904 1.988 2.164 2.001 2.107 2.19 2.301 2.422 2.309 2.469 2.343 2.163 1.983 1.503 1.362 1.159 1.29 1.203 1.04 1.367 1.595 1.059 1.57 1.625 1.575 1.924 1.96 2.687 2.934 2.668 2.549 2.108 2.506 2.927 3.013 3.23 3.027 3.199 3.33 3.226 3.172 3.116 3.257 3.185 3.113 3.037 3.083 3.191 3.202 3.144 3.067 3.133 3.086 3.134 3.072 2.962
0.419 0.433 0.424 0.379 0.355 0.307 0.267 0.207 0.197 0.225 0.245 0.299 0.379 0.425 0.399 0.493 1.054 1.185 1.368 1.545 1.478 1.627 1.63 1.674 1.792 1.779 1.855 1.948 1.874 1.938 1.889 1.637 1.262 0.762 0.855 0.806 0.808 0.585 0.561 0.722 0.945 0.758 0.854 0.723 0.784 0.947 1.276 2.135 2.278 1.792 1.589 1.323 1.727 2.324 2.491 2.661 2.463 2.696 2.697 2.731 2.742 2.723 2.83 2.674 2.8 2.682 2.678 2.909 2.963 2.9 2.843 3.065 2.989 2.874 2.887 2.94
0.427 0.427 0.413 0.378 0.339 0.312 0.271 0.222 0.216 0.239 0.275 0.344 0.435 0.531 0.49 0.466 0.557 0.76 0.808 0.967 0.928 1.126 1.092 1.078 1.31 1.296 1.341 1.496 1.446 1.393 1.231 1.09 0.784 0.337 0.419 0.537 0.432 0.256 0.217 0.293 0.636 0.776 0.515 0.253 0.244 0.305 0.692 1.466 1.573 0.891 0.759 0.593 0.997 1.77 2.02 2.086 2.023 2.152 2.01 2.304 2.369 2.209 2.406 2.41 2.451 2.455 2.468 2.601 2.694 2.53 2.514 2.658 2.76 2.808 2.646 2.738
-9999.0 -9999.0 0.412 0.383 0.332 0.32 0.287 0.24 0.223 0.237 0.269 0.362 0.441 0.56 0.589 0.509 0.296 0.375 0.336 0.504 0.489 0.595 0.591 0.492 0.739 0.801 0.81 0.995 0.952 0.827 0.532 0.619 0.563 0.301 0.142 0.333 0.175 0.254 0.161 0.266 0.695 0.737 0.733 0.476 0.161 0.227 0.682 0.812 0.494 0.199 0.207 0.355 0.724 0.905 1.249 1.414 1.345 1.766 1.727 1.828 2.005 1.91 2.019 2.004 2.084 2.184 2.213 2.154 2.236 2.273 2.29 2.34 2.412 2.469 2.463 2.65
-9999.0 -9999.0 -9999.0 -9999.0 -9999.0 -9999.0 -9999.0 -9999.0 -9999.0 -9999.0 -9999.0 -9999.0 -9999.0 0.529 0.593 0.5 0.395 0.124 0.184 0.396 0.361 0.126 0.21 0.296 0.213 0.401 0.366 0.291 0.212 0.323 0.643 0.605 0.253 0.48 0.345 0.295 0.151 0.118 0.235 0.332 0.651 0.689 0.682 0.559 0.293 0.445 0.664 0.554 0.152 0.216 0.341 0.242 0.391 0.58 0.718 0.894 0.827 1.166 1.336 1.36 1.468 1.387 1.581 1.625 1.719 1.833 1.875 1.821 1.893 1.961 2.031 2.066 2.085 2.14 2.263 2.455
-9999.0 -9999.0 -9999.0 -9999.0 -9999.0 -9999.0 -9999.0 -9999.0 -9999.0 -9999.0 -9999.0 -9999.0 -9999.0 -9999.0 -9999.0 0.532 0.48 0.268 0.304 0.371 0.362 0.33 0.361 0.417 0.427 0.526 0.524 0.489 0.443 0.466 0.627 0.706 0.498 0.547 0.408 0.312 0.226 0.206 0.284 0.32 0.507 0.614 0.533 0.615 0.436 0.567 0.633 0.519 0.228 0.28 0.387 0.239 0.304 0.525 0.501 0.564 0.468 0.621 0.915 0.874 0.909 0.863 1.108 1.283 1.355 1.426 1.484 1.55 1.634 1.603 1.717 1.804 1.826 1.915 2 2.046
-9999.0 -9999.0 -9999.0 -9999.0 -9999.0 -9999.0 -9999.0 -9999.0 -9999.0 -9999.0 -9999.0 -9999.0 -9999.0 -9999.0 -9999.0 -9999.0 -9999.0 -9999.0 0.338 0.346 0.363 0.406 0.445 0.482 0.531 0.584 0.609 0.619 0.608 0.57 0.573 0.701 0.704 0.585 0.433 0.338 0.294 0.309 0.31 0.288 0.261 -9999.0 0.271 -9999.0 0.529 0.595 0.6 0.613 0.495 0.263 0.254 0.337 0.485 0.62 0.592 0.437 0.301 0.326 0.528 0.355 0.514 0.602 0.62 0.977 0.998 1.032 1.085 1.042 1.206 1.404 1.406 1.43 1.525 1.617 1.763 1.724
-9999.0 -9999.0 -9999.0 -9999.0 -9999.0 -9999.0 -9999.0 -9999.0 -9999.0 -9999.0 -9999.0 -9999.0 -9999.0 -9999.0 -9999.0 -9999.0 -9999.0 -9999.0 0.338 0.33 0.359 0.404 0.472 0.492 0.531 0.566 0.596 0.606 0.6 0.556 0.518 0.443 -9999.0 -9999.0 -9999.0 -9999.0 -9999.0 -9999.0 -9999.0 -9999.0 -9999.0 -9999.0 -9999.0 -9999.0 -9999.0 -9999.0 -9999.0 -9999.0 -9999.0 0.305 0.326 0.392 0.519 0.6 0.578 0.465 0.496 0.538 0.602 0.503 0.364 0.289 0.366 0.462 0.425 0.68 0.702 0.673 0.797 0.978 1.066 1.158 1.253 1.249 1.331 1.352
-9999.0 -9999.0 -9999.0 -9999.0 -9999.0 -9999.0 -9999.0 -9999.0 -9999.0 -9999.0 -9999.0 -9999.0 -9999.0 -9999.0 -9999.0 -9999.0 -9999.0 -9999.0 -9999.0 -9999.0 -9999.0 -9999.0 -9999.0 -9999.0 -9999.0 -9999.0 -9999.0 -9999.0 -9999.0 -9999.0 -9999.0 -9999.0 -9999.0 -9999.0 -9999.0 -9999.0 -9999.0 -9999.0 -9999.0 -9999.0 -9999.0 -9999.0 -9999.0 -9999.0 -9999.0 -9999.0 -9999.0 -9999.0 -9999.0 -9999.0 -9999.0 -9999.0 -9999.0 -9999.0 -9999.0 0.492 0.565 0.602 0.617 0.532 0.35 0.306 0.364 0.352 0.257 0.378 0.412 0.363 0.411 0.525 0.669 0.753 0.899 0.836 0.872 0.971
-9999.0 -9999.0 -9999.0 -9999.0 -9999.0 -9999.0 -9999.0 -9999.0 -9999.0 -9999.0 -9999.0 -9999.0 -9999.0 -9999.0 -9999.0 -9999.0 -9999.0 -9999.0 -9999.0 -9999.0 -9999.0 -9999.0 -9999.0 -9999.0 -9999.0 -9999.0 -9999.0 -9999.0 -9999.0 -9999.0 -9999.0 -9999.0 -9999.0 -9999.0 -9999.0 -9999.0 -9999.0 -9999.0 -9999.0 -9999.0 -9999.0 -9999.0 -9999.0 -9999.0 -9999.0 -9999.0 -9999.0 -9999.0 -9999.0 -9999.0 -9999.0 -9999.0 -9999.0 -9999.0 -9999.0 0.497 0.572 0.603 0.581 0.477 0.404 0.452 0.471 0.489 0.355 0.193 0.251 0.172 0.149 0.199 0.302 0.277 0.489 0.433 0.484 0.607
-9999.0 -9999.0 -9999.0 -9999.0 -9999.0 -9999.0 -9999.0 -9999.0 -9999.0 -9999.0 -9999.0 -9999.0 -9999.0 -9999.0 -9999.0 -9999.0 -9999.0 -9999.0 -9999.0 -9999.0 -9999.0 -9999.0 -9999.0 -9999.0 -9999.0 -9999.0 -9999.0 -9999.0 -9999.0 -9999.0 -9999.0 -9999.0 -9999.0 -9999.0 -9999.0 -9999.0 -9999.0 -9999.0 -9999.0 -9999.0 -9999.0 -9999.0 -9999.0 -9999.0 -9999.0 -9999.0 -9999.0 -9999.0 -9999.0 -9999.0 -9999.0 -9999.0 -9999.0 -9999.0 -9999.0 -9999.0 -9999.0 -9999.0 -9999.0 0.37 0.427 0.455 0.47 0.487 0.4 0.268 0.296 0.345 0.388 0.431 0.521 0.564 0.529 0.345 0.316 0.373
-9999.0 -9999.0 -9999.0 -9999.0 -9999.0 -9999.0 -9999.0 -9999.0 -9999.0 -9999.0 -9999.0 -9999.0 -9999.0 -9999.0 -9999.0 -9999.0 -9999.0 -9999.0 -9999.0 -9999.0 -9999.0 -9999.0 -9999.0 -9999.0 -9999.0 -9999.0 -9999.0 -9999.0 -9999.0 -9999.0 -9999.0 -9999.0 -9999.0 -9999.0 -9999.0 -9999.0 -9999.0 -9999.0 -9999.0 -9999.0 -9999.0 -9999.0 -9999.0 -9999.0 -9999.0 -9999.0 -9999.0 -9999.0 -9999.0 -9999.0 -9999.0 -9999.0 -9999.0 -9999.0 -9999.0 -9999.0 -9999.0 -9999.0 -9999.0 -9999.0 -9999.0 -9999.0 -9999.0 -9999.0 0.308 0.287 0.318 0.376 0.441 0.498 0.553 0.532 0.433 0.365 0.353 0.37
