sandwich_east_overwash_utm.asc
ncols         69
nrows         193
xllcorner     376951.413
yllcorner     4624713.550
cellsize      0.875048900218
nodata_value  -9999.0
[rows 108 to 143 of 193, columns 0 to 68 of 69]
7.148 7.159 7.748 8.138 8.588 9.1 9.626 9.902 10.159 10.517 10.67 10.959 11.113 11.166 11.501 11.791 11.989 12.252 12.412 13.011 13.103 13.109 13.27 13.032 12.827 12.445 11.91 11.207 10.199 9.421 8.708 8.346 7.99 8.02 7.968 7.857 7.983 7.895 8.04 8.134 8.309 8.647 9.579 11.112 12.213 15.024 15.677 15.842 16.007 16.251 16.474 16.396 16.753 17.047 17.192 17.562 17.909 18.262 18.289 18.186 18.292 17.691 17.029 16.894 16.39 15.803 15.052 13.892 14.493
6.718 6.817 7.459 7.902 8.294 8.891 9.382 9.938 10.191 10.525 10.729 11.039 11.132 11.225 11.488 11.477 11.844 12.137 12.41 12.952 13.087 13.096 13.177 12.819 12.494 12.262 11.481 10.596 9.616 9.027 8.587 8.251 7.929 7.927 7.906 7.812 7.978 7.815 7.953 8.097 8.518 9.273 10.59 13.181 14.32 15.594 15.678 15.927 16.045 16.116 16.413 16.652 16.827 17.088 17.462 17.919 18.329 18.698 18.898 18.824 18.812 17.99 17.195 16.994 16.467 15.798 15.06 14.661 14.687
6.333 6.592 7.148 7.562 7.875 8.38 9.056 9.861 10.093 10.463 10.74 10.881 10.973 11.096 11.277 10.871 11.452 11.825 12.36 12.505 12.916 13.024 12.698 12.583 12.264 11.721 11.226 10.009 9.162 8.747 8.387 8.134 7.852 7.791 7.736 7.721 7.86 7.838 7.835 8.299 8.643 10.296 10.894 14.246 15.123 15.578 15.615 15.857 16.018 16.148 16.488 16.69 16.893 17.203 17.622 18.225 18.818 19.341 19.47 19.3 19.023 18.14 17.362 17.076 16.477 15.696 15.099 14.871 14.619
5.952 6.407 6.681 7.001 7.435 7.563 8.787 9.403 9.739 10.477 10.553 10.574 10.527 10.326 10.51 10.552 10.973 11.11 11.779 12.157 12.48 12.555 12.295 12.188 11.768 11.568 10.23 9.122 8.724 8.515 8.102 7.845 7.746 7.751 7.737 7.786 7.741 7.848 7.808 8.326 9.24 12.123 12.684 14.845 15.422 15.469 15.616 15.809 16.072 16.185 16.484 16.706 16.919 17.238 17.713 18.438 19.116 19.68 19.63 19.492 18.975 18.256 17.495 17.024 16.386 15.631 15.174 14.72 14.492
5.487 5.808 6.044 6.274 6.838 7.422 8.345 8.578 9.364 9.567 9.981 10.284 10.033 9.947 9.843 10.199 10.537 10.94 11.252 11.619 11.848 12.164 11.879 11.553 11.059 10.753 9.421 8.642 8.41 8.218 7.912 7.712 7.673 7.683 7.713 7.777 7.678 7.848 7.874 8.608 9.981 13.516 14.437 14.978 15.352 15.405 15.653 15.785 16.129 16.191 16.416 16.729 16.941 17.218 17.752 18.523 19.103 19.499 19.239 19.315 18.703 18.397 17.546 16.72 16.123 15.793 15.121 14.626 14.312
4.913 5.351 5.682 5.964 6.365 6.756 7.489 7.743 8.428 8.582 9.359 9.872 9.461 9.472 9.426 9.916 10.166 10.623 10.832 11.167 11.355 11.629 11.427 10.872 10.206 9.662 8.863 8.432 8.201 7.955 7.829 7.711 7.607 7.59 7.637 7.669 7.677 7.84 8.052 9.329 10.62 13.69 14.912 14.738 15.074 15.518 15.678 15.764 16.035 16.122 16.398 16.742 17.104 17.354 17.712 18.385 18.75 19.063 18.825 18.681 18.147 17.702 17.086 16.592 15.923 15.409 14.78 14.307 14.058
4.503 4.984 5.355 5.671 5.961 6.07 6.569 6.957 7.314 7.589 8.572 9.173 8.833 8.921 9.226 9.687 9.854 10.012 10.523 10.898 11.119 10.832 10.92 10.302 9.294 8.719 8.582 8.26 8.081 7.929 7.824 7.666 7.453 7.577 7.615 7.645 7.666 7.816 8.454 10.129 11.875 14.047 14.672 14.819 15.03 15.269 15.575 15.636 15.768 16.052 16.318 16.573 17.07 17.338 17.752 18.046 18.436 18.506 18.511 18.327 17.842 17.34 16.789 16.47 15.803 15.022 14.45 13.987 13.74
4.366 4.665 4.891 5.1 5.613 5.908 5.993 6.332 6.648 6.566 7.286 7.815 8.241 8.619 9.009 9.302 9.656 9.696 10.109 10.277 10.48 10.226 9.944 9.395 8.807 8.543 8.326 8.234 7.915 7.712 7.722 7.546 7.47 7.536 7.577 7.694 7.667 7.979 9.063 10.938 13.091 14.229 14.634 14.8 14.965 15.186 15.499 15.6 15.703 16.03 16.274 16.5 16.973 17.313 17.69 17.751 18.088 18.14 18.258 18.094 17.621 17.15 16.599 16.082 15.524 14.726 14.104 13.668 13.437
4.119 4.342 4.47 4.774 5.119 5.547 5.858 5.823 6.172 6.184 6.701 7.087 7.528 7.869 8.45 8.667 8.99 9.248 9.574 9.805 9.727 9.449 9.297 8.811 8.556 8.366 8.2 8.056 7.802 7.596 7.637 7.472 7.436 7.488 7.571 7.741 7.718 8.309 9.601 11.572 13.76 14.253 14.615 14.731 14.922 15.182 15.439 15.609 15.78 15.993 16.259 16.505 16.866 17.274 17.513 17.575 17.724 18.048 18.05 17.897 17.38 17.001 16.441 15.132 14.813 14.613 13.673 13.336 13.285
3.91 4.045 4.203 4.456 4.641 5.032 5.471 5.5 5.826 5.95 6.27 6.585 6.979 7.21 7.748 7.986 8.43 8.626 8.974 9.319 9.09 8.818 8.841 8.508 8.424 8.196 8.105 7.813 7.689 7.545 7.565 7.446 7.35 7.451 7.578 7.752 7.82 8.732 9.973 11.984 13.627 14.13 14.472 14.66 14.942 15.132 15.36 15.552 15.823 15.784 16.206 16.409 16.823 17.074 17.365 17.524 17.547 17.808 17.932 17.924 17.258 16.483 15.609 14.843 14.346 13.741 13.387 13.265 13.116
3.704 3.818 3.995 4.162 4.248 4.515 4.991 5.225 5.523 5.745 5.922 6.196 6.583 6.736 7.065 7.367 8.08 7.914 8.367 8.762 8.711 8.53 8.48 8.443 8.304 8.054 7.916 7.651 7.455 7.423 7.455 7.438 7.334 7.467 7.473 7.659 7.856 8.818 10.663 13.306 13.819 14.128 14.354 14.67 14.847 15.177 15.398 15.657 15.879 15.99 16.129 16.387 16.754 16.936 17.117 17.275 17.398 17.589 17.653 17.654 17.158 16.141 15.239 14.638 14.036 13.411 13.144 12.999 12.879
3.483 3.671 3.782 3.91 4.012 4.176 4.621 4.793 5.119 5.439 5.645 5.781 6.145 6.426 6.874 6.951 7.512 7.811 8.142 8.295 8.416 8.384 8.254 8.245 8.139 7.992 7.73 7.443 7.453 7.381 7.359 7.38 7.371 7.44 7.491 7.672 8.338 9.508 11.477 13.517 13.792 14.008 14.216 14.622 14.887 15.247 15.424 15.627 15.783 15.927 16.029 16.387 16.623 16.807 16.888 17.071 17.284 17.425 17.283 16.91 16.619 15.681 14.991 14.378 13.749 13.317 12.945 12.701 12.655
3.172 3.353 3.584 3.656 3.779 3.968 4.357 4.684 4.707 5.123 5.393 5.65 5.934 6.126 6.54 6.876 7.298 7.681 7.949 8.066 8.183 8.23 8.155 8.111 8.073 7.873 7.617 7.377 7.396 7.317 7.303 7.344 7.37 7.381 7.5 7.866 9.118 10.455 12.293 13.385 13.651 13.824 14.163 14.639 14.994 15.257 15.377 15.414 15.539 15.583 15.879 16.278 16.402 16.638 16.693 16.966 17.215 17.301 16.838 15.642 15.348 14.856 14.544 13.911 13.287 12.956 12.838 12.763 12.635
2.976 3.115 3.33 3.422 3.547 3.768 4.05 4.418 4.521 4.906 5.192 5.485 5.744 5.936 6.393 6.899 7.3 7.558 7.775 7.96 8.029 8.046 8.067 8.022 8.009 7.728 7.542 7.365 7.297 7.246 7.268 7.311 7.33 7.309 7.512 8.281 10.12 11.482 13.012 13.334 13.475 13.631 14.291 14.839 15.078 15.092 15.172 14.969 15.204 15.1 15.582 15.681 15.995 16.254 16.372 16.77 17.209 16.848 16.351 15.683 14.887 14.311 13.592 13.27 12.982 12.961 12.967 12.821 12.561
2.78 2.912 3.064 3.162 3.291 3.556 3.775 4.138 4.431 4.73 5.042 5.321 5.592 5.903 6.472 6.965 7.424 7.47 7.625 7.912 7.958 7.818 7.898 7.952 7.849 7.599 7.437 7.256 7.233 7.221 7.184 7.193 7.303 7.309 7.734 8.977 11.222 12.366 12.913 13.232 13.514 13.707 13.995 14.477 14.756 14.73 14.645 14.547 14.737 14.689 14.929 15.474 15.561 15.925 15.795 16.139 16.608 16.116 15.898 15.171 14.384 13.91 13.293 12.956 12.783 12.801 12.781 12.693 12.43
2.519 2.715 2.805 2.833 2.979 3.317 3.671 4.076 4.174 4.449 4.958 5.407 5.654 6.078 6.609 7.152 7.392 7.54 7.633 7.796 7.895 7.877 7.827 7.764 7.59 7.478 7.316 7.207 7.142 7.143 7.21 7.198 7.319 7.413 7.933 9.337 11.392 12.397 12.736 12.94 13.198 13.475 13.701 14.113 14.323 14.237 14.08 14.023 14.139 14.261 14.476 15.044 15.034 15.428 15.269 15.605 15.906 15.427 15.253 14.5 13.881 13.598 13.242 12.825 12.635 12.551 12.439 12.405 12.263
2.193 2.356 2.363 2.578 2.832 3.052 3.206 3.724 4.036 4.581 4.981 5.366 5.703 6.142 6.707 7.098 7.37 7.563 7.711 7.765 7.804 7.822 7.793 7.652 7.411 7.247 7.191 7.127 7.087 7.099 7.186 7.195 7.293 7.517 8.411 10.092 11.511 12.318 12.554 12.488 12.751 13.201 13.48 13.791 13.831 13.692 13.562 13.5 13.552 13.807 14.175 14.377 14.454 14.818 14.898 15.286 15.307 14.904 14.361 13.941 13.424 13.294 13.03 12.705 12.487 12.396 12.289 12.039 12.104
1.994 2.132 2.156 2.259 2.504 2.698 2.964 3.467 4.003 4.608 4.969 5.386 5.773 6.176 6.711 7.037 7.368 7.597 7.764 7.742 7.749 7.741 7.742 7.56 7.272 7.046 7.077 7.029 7.062 7.081 7.121 7.161 7.26 7.734 9.295 11.249 11.834 12.38 12.368 11.935 12.351 13.095 13.4 13.557 13.343 13.2 13.206 13.216 13.289 13.277 13.697 13.82 14.09 14.601 14.593 14.582 14.575 14.393 14.022 13.848 13.459 13.149 12.927 12.536 12.449 12.414 12.223 12.087 12
1.8 1.936 2.004 1.983 2.111 2.349 2.743 3.25 3.984 4.525 4.922 5.408 5.826 6.181 6.653 7.054 7.4 7.644 7.734 7.692 7.776 7.698 7.626 7.418 7.146 7.063 7.001 6.943 7.034 7.056 7.099 7.107 7.45 8.653 10.547 11.121 11.399 11.653 11.819 11.919 12.262 12.591 12.778 13.018 12.936 12.886 12.619 12.771 12.938 12.938 13.252 13.498 13.964 14.34 14.21 14.095 14.234 14.013 13.948 13.64 13.015 12.725 12.608 12.381 12.309 12.341 12.153 12.036 11.981
1.542 1.678 1.778 1.855 1.8 2.083 2.214 2.922 3.832 4.451 4.863 5.167 5.702 6.126 6.721 7.215 7.503 7.541 7.556 7.655 7.793 7.801 7.637 7.308 7.049 6.96 6.923 6.916 6.941 6.983 7.044 7.151 7.98 9.94 10.859 11.121 11.237 11.434 11.567 11.738 12.031 12.284 12.499 12.606 12.378 12.442 12.176 12.238 12.382 12.49 12.77 13.129 13.676 14.008 13.741 13.648 13.751 13.65 13.727 13.088 12.409 12.205 12.207 12.179 12.081 12.128 11.978 11.86 11.926
1.356 1.459 1.592 1.661 1.564 1.697 1.955 2.739 3.254 4.09 4.72 5.198 5.74 6.277 6.786 7.218 7.495 7.518 7.53 7.614 7.794 7.81 7.525 7.027 6.907 6.898 6.86 6.856 6.906 6.953 7.065 7.441 8.53 10.395 10.816 11.031 11.147 11.368 11.462 11.578 11.797 12.07 12.325 12.281 11.916 12.01 11.89 11.765 11.811 12.019 12.303 12.673 13.166 13.603 13.23 13.136 12.918 13.193 13.086 12.101 11.897 11.771 11.854 11.861 11.799 11.697 11.545 11.588 11.504
0.95 1.087 1.321 1.434 1.39 1.465 1.776 2.389 2.96 3.94 4.739 5.361 5.927 6.438 6.876 7.21 7.447 7.513 7.497 7.525 7.721 7.748 7.38 6.768 6.771 6.859 6.821 6.8 6.896 6.939 7.138 7.863 8.932 10.013 10.661 10.827 11.049 11.288 11.427 11.563 11.662 11.841 12.005 12.021 11.918 11.81 11.757 11.677 11.723 11.886 12.063 12.274 12.598 13.198 12.926 12.566 12.017 12.198 12.159 11.893 11.481 11.446 11.583 11.631 11.543 11.37 11.279 11.231 11.142
0.554 0.756 1.031 1.175 1.257 1.362 1.654 2.169 3.033 3.98 4.822 5.535 6.146 6.533 6.969 7.222 7.384 7.477 7.385 7.373 7.542 7.635 7.309 6.743 6.701 6.806 6.831 6.818 6.806 6.84 7.107 7.847 9.183 10.211 10.79 10.915 11.071 11.267 11.334 11.48 11.665 11.768 11.849 11.804 11.721 11.688 11.632 11.534 11.551 11.698 11.894 12.044 12.322 12.49 12.032 11.722 11.623 11.578 11.399 11.304 11.094 11.053 11.146 11.2 11.129 11.027 10.991 10.968 10.943
0.326 0.613 0.781 0.88 1.147 1.318 1.646 2.626 3.504 3.997 4.608 5.378 6.005 6.441 6.863 7.154 7.247 7.312 7.356 7.506 7.539 7.342 6.975 6.721 6.715 6.745 6.779 6.8 6.745 6.872 7.499 8.377 9.253 10.103 10.565 10.709 10.887 11.146 11.305 11.459 11.586 11.627 11.666 11.659 11.618 11.565 11.415 11.295 11.425 11.611 11.72 11.774 11.948 11.853 11.344 11.079 11.191 11.012 10.805 10.72 10.71 10.643 10.684 10.721 10.712 10.724 10.737 10.822 10.879
0.183 0.513 0.717 0.79 0.952 1.315 1.771 2.487 3.272 3.979 4.583 5.301 5.94 6.464 6.941 7.185 7.226 7.3 7.345 7.434 7.437 7.151 6.855 6.756 6.7 6.692 6.738 6.747 6.743 6.939 7.644 8.518 9.177 9.824 10.298 10.432 10.624 10.983 11.213 11.44 11.528 11.518 11.521 11.562 11.563 11.453 11.187 11.067 11.343 11.562 11.52 11.422 11.428 11.378 11.098 10.762 10.501 10.354 10.41 10.407 10.314 10.281 10.372 10.428 10.535 10.589 10.657 10.775 10.848
0.239 0.467 0.566 0.539 0.662 1.117 1.682 2.384 3.141 3.972 4.673 5.245 5.89 6.507 7 7.214 7.22 7.286 7.313 7.302 7.271 7.014 6.819 6.785 6.679 6.66 6.702 6.686 6.765 6.985 7.481 8.19 8.895 9.406 10.032 10.149 10.333 10.772 10.971 11.381 11.569 11.539 11.481 11.472 11.478 11.395 11.135 11.08 11.222 11.316 11.273 11.11 10.981 10.773 10.629 10.434 10.215 10.109 10.107 10.093 10.14 10.199 10.255 10.249 10.338 10.431 10.592 10.658 10.61
0.343 0.447 0.441 0.313 0.402 0.844 1.438 2.319 3.105 3.887 4.698 5.158 5.813 6.483 6.967 7.196 7.181 7.196 7.259 7.205 7.067 6.879 6.725 6.74 6.694 6.655 6.658 6.662 6.713 6.918 7.346 7.743 8.124 8.73 9.314 9.703 9.886 10.19 10.515 10.974 11.152 11.144 11.2 11.259 11.273 11.015 11.025 11.138 11.14 11.063 10.965 10.721 10.396 10.336 10.387 10.254 9.989 9.828 9.853 10.004 10.017 10.062 10.164 10.207 10.262 10.283 10.381 10.387 10.257
0.391 0.432 0.469 0.322 0.335 0.696 1.148 2.145 2.977 3.435 4.162 4.919 5.575 6.145 6.805 7.066 7.082 7.161 7.302 7.193 6.845 6.627 6.647 6.642 6.623 6.608 6.605 6.626 6.696 6.956 7.347 7.576 7.664 8.054 8.824 9.435 9.678 9.887 10.212 10.59 10.782 10.867 10.826 10.8 10.864 10.647 10.823 10.908 10.686 10.644 10.525 10.255 10.004 10.014 10.094 10.014 9.794 9.636 9.733 9.976 9.944 9.952 10.101 10.235 10.268 10.16 10.113 10.048 9.892
-9999.0 -9999.0 0.4 0.297 0.256 0.449 0.725 1.234 2.121 3.007 3.618 4.33 5.263 5.973 6.615 6.905 7.022 7.098 7.149 6.966 6.66 6.535 6.572 6.573 6.583 6.562 6.54 6.591 6.698 6.955 7.267 7.389 7.282 7.537 8.379 9.077 9.433 9.657 9.978 10.241 10.408 10.553 10.428 10.286 10.384 10.328 10.503 10.411 10.028 10.122 10.006 9.804 9.839 9.765 9.684 9.666 9.63 9.629 9.776 9.879 9.935 9.962 10.066 10.24 10.271 10.11 10.025 9.896 9.752
-9999.0 -9999.0 0.399 0.327 0.207 0.214 0.428 0.793 1.488 2.341 2.991 3.706 4.679 5.583 6.292 6.689 6.861 6.962 6.951 6.716 6.526 6.517 6.527 6.534 6.563 6.537 6.504 6.555 6.676 6.895 7.107 7.135 6.945 7.183 7.885 8.517 9.018 9.379 9.75 9.941 9.969 10.051 10.102 9.991 10.021 10.086 10.005 9.848 9.79 9.759 9.735 9.639 9.543 9.539 9.61 9.631 9.671 9.718 9.733 9.766 9.846 9.995 10.084 10.082 10.014 9.833 9.697 9.681 9.63
-9999.0 -9999.0 -9999.0 0.389 0.279 0.155 0.339 0.721 1.029 1.501 2.3 3.073 3.894 4.955 5.807 6.352 6.539 6.731 6.8 6.576 6.438 6.502 6.538 6.521 6.539 6.568 6.581 6.5 6.517 6.81 7.007 6.96 6.719 6.734 7.241 7.869 8.52 8.916 9.284 9.676 9.714 9.766 9.755 9.634 9.707 9.761 9.746 9.688 9.636 9.532 9.481 9.471 9.456 9.517 9.577 9.583 9.678 9.732 9.73 9.707 9.763 9.924 9.982 9.86 9.7 9.566 9.483 9.561 9.581
-9999.0 -9999.0 -9999.0 -9999.0 0.604 0.554 0.519 0.526 0.424 0.818 1.528 2.387 3.488 4.631 5.133 5.547 6.173 6.382 6.5 6.473 6.415 6.468 6.483 6.486 6.503 6.496 6.487 6.516 6.648 6.839 6.853 6.727 6.555 6.553 6.857 7.482 8.169 8.546 9.017 9.482 9.509 9.476 9.46 9.446 9.518 9.565 9.621 9.58 9.486 9.362 9.328 9.408 9.437 9.479 9.477 9.503 9.668 9.745 9.768 9.692 9.689 9.774 9.787 9.618 9.402 9.355 9.389 9.516 9.557
-9999.0 -9999.0 -9999.0 -9999.0 -9999.0 0.66 0.534 0.526 0.385 0.525 1.043 1.488 2.36 3.561 4.052 4.708 5.566 5.888 6.216 6.376 6.391 6.42 6.434 6.459 6.464 6.443 6.447 6.503 6.651 6.778 6.684 6.464 6.298 6.336 6.518 7.072 7.812 8.296 8.892 9.358 9.35 9.251 9.262 9.339 9.384 9.452 9.537 9.444 9.306 9.226 9.28 9.449 9.431 9.361 9.295 9.379 9.64 9.799 9.842 9.712 9.624 9.581 9.536 9.417 9.231 9.217 9.326 9.415 9.373
-9999.0 -9999.0 -9999.0 -9999.0 -9999.0 0.655 0.571 0.53 0.431 0.35 0.577 0.758 1.405 2.525 3.131 4.003 4.837 5.341 5.974 6.295 6.373 6.379 6.395 6.441 6.431 6.41 6.431 6.438 6.503 6.591 6.489 6.199 5.954 6.015 6.157 6.524 7.377 8.134 8.851 9.287 9.237 9.183 9.203 9.168 9.19 9.282 9.333 9.204 9.038 9.096 9.259 9.448 9.438 9.362 9.28 9.169 9.383 9.685 9.687 9.546 9.483 9.454 9.311 9.076 9.035 9.106 9.257 9.363 9.27
-9999.0 -9999.0 -9999.0 -9999.0 -9999.0 -9999.0 0.6 0.52 0.506 0.275 0.192 0.352 0.885 1.76 2.507 3.441 4.1 4.859 5.805 6.234 6.369 6.369 6.366 6.435 6.421 6.378 6.322 6.326 6.312 6.258 6.174 6.053 5.866 5.82 5.914 6.254 6.649 7.327 8.196 8.739 8.996 9.071 9.083 9.126 9.145 9.082 9.144 9.132 9.055 9.09 9.138 9.229 9.257 9.258 9.2 9.109 9.192 9.445 9.542 9.34 9.239 9.193 9.034 8.866 8.898 8.99 9.123 9.202 9.138
-9999.0 -9999.0 -9999.0 -9999.0 -9999.0 -9999.0 -9999.0 0.556 0.594 0.463 0.296 0.421 0.841 1.08 1.575 2.503 4.051 5.371 5.981 6.232 6.314 6.322 6.352 6.418 6.372 6.331 6.281 6.183 6.132 6.11 6.029 5.814 5.562 5.561 5.678 5.969 6.316 6.904 7.671 8.181 8.635 8.973 9.02 9.038 9.038 8.95 9.043 9.112 9.114 9.075 9.003 9.021 9.069 9.103 9.119 9.099 9.044 9.175 9.281 9.071 8.959 8.873 8.771 8.774 8.812 8.883 8.956 8.972 9.025
