sandwich_bluff_utm.asc
ncols         52
nrows         189
xllcorner     376686.286
yllcorner     4624876.945
cellsize      0.875048900218
nodata_value  -9999.0
[rows 46 to 91 of 189, columns 0 to 51 of 52]
9.574 9.211 8.879 8.854 8.577 8.396 8.287 7.981 7.71 7.717 7.356 7.125 6.818 6.585 6.444 6.312 6.099 5.866 5.7 5.428 5.304 5.103 4.96 4.854 4.614 4.487 4.295 4.17 4.04 4.026 3.92 3.791 3.708 3.624 3.507 3.499 3.568 3.605 3.57 3.435 3.347 3.222 3.209 2.829 2.934 2.873 2.773 2.832 2.817 2.824 2.912 2.876
9.938 9.573 9.217 9.194 8.817 8.66 8.526 8.202 8.128 7.928 7.606 7.468 7.132 6.769 6.636 6.462 6.39 6.134 5.935 5.561 5.444 5.254 5.296 5.127 4.855 4.646 4.501 4.38 4.129 4.025 4.043 3.86 3.988 3.785 3.611 3.493 3.628 3.658 3.65 3.508 3.533 3.448 3.41 3.245 3.186 3.031 2.768 2.779 2.657 2.753 2.842 2.864
10.226 10.192 9.73 9.474 9.01 9.017 8.904 8.616 8.372 8.283 7.972 7.835 7.463 7.128 6.874 6.693 6.473 6.222 6.051 5.912 5.909 5.667 5.502 5.295 5.065 4.944 4.75 4.492 4.38 4.299 4.263 4.048 4.057 3.808 3.574 3.609 3.658 3.697 3.715 3.606 3.645 3.613 3.533 3.401 3.336 3.184 2.984 2.934 2.708 2.715 2.768 2.771
10.706 10.361 9.921 9.801 9.501 9.401 9.229 8.971 8.737 8.542 8.262 8.137 7.738 7.499 7.208 6.899 6.76 6.564 6.313 6.191 6.209 5.888 5.661 5.498 5.24 5.286 5.073 4.711 4.664 4.524 4.448 4.26 4.137 3.913 3.683 3.727 3.68 3.712 3.717 3.67 3.709 3.711 3.618 3.467 3.437 3.346 3.299 3.201 2.939 2.73 2.765 2.648
11.227 10.882 10.452 10.175 9.952 9.805 9.629 9.33 9.007 8.808 8.56 8.365 7.972 7.796 7.555 7.245 7.057 6.929 6.64 6.429 6.43 6.07 5.831 5.69 5.451 5.611 5.395 5.005 4.934 4.701 4.599 4.453 4.275 4.126 3.954 3.817 3.728 3.711 3.643 3.669 3.742 3.738 3.706 3.639 3.545 3.543 3.496 3.374 3.228 2.859 3.02 2.727
11.761 11.488 11.094 10.598 10.364 10.237 10.035 9.704 9.25 9.112 8.85 8.574 8.233 8.046 7.877 7.745 7.318 7.226 6.987 6.651 6.624 6.326 6.054 5.818 5.794 5.826 5.598 5.297 5.125 4.937 4.763 4.53 4.452 4.32 4.012 4.064 3.906 3.828 3.663 3.69 3.664 3.752 3.763 3.714 3.599 3.59 3.523 3.49 3.264 3.196 3.145 2.825
12.306 12.001 11.667 11.086 10.738 10.71 10.337 10.118 9.636 9.479 9.052 8.94 8.723 8.44 8.083 8.139 7.798 7.509 7.232 6.958 6.687 6.538 6.295 6.108 6.136 5.909 5.783 5.602 5.421 5.133 4.983 4.768 4.677 4.391 4.28 4.227 4.116 4.03 3.89 3.795 3.702 3.685 3.694 3.674 3.618 3.59 3.546 3.499 3.378 3.428 3.248 3.005
13.319 12.853 12.061 11.445 11.235 10.987 10.578 10.369 9.862 9.82 9.402 9.142 9.08 8.749 8.432 8.441 8.09 7.794 7.544 7.315 6.971 6.919 6.59 6.351 6.43 6.139 5.986 5.864 5.595 5.417 5.185 5.032 4.915 4.586 4.615 4.419 4.325 4.247 4.111 3.994 3.818 3.663 3.63 3.598 3.608 3.571 3.577 3.488 3.525 3.515 3.363 3.243
15.308 13.657 12.775 12.042 11.689 11.351 10.878 10.496 10.255 10.157 9.866 9.457 9.435 9.076 8.779 8.659 8.402 8.059 7.881 7.688 7.337 7.232 6.92 6.625 6.673 6.38 6.195 6.075 5.706 5.761 5.385 5.316 5.169 4.947 4.94 4.677 4.508 4.439 4.212 4.295 3.977 3.809 3.703 3.574 3.57 3.569 3.616 3.654 3.481 3.503 3.513 3.386
17.692 14.828 13.907 12.907 12.207 11.755 11.262 10.631 10.736 10.499 10.384 9.921 9.771 9.404 9.086 8.825 8.802 8.308 8.219 8.054 7.688 7.292 7.28 7.022 6.851 6.412 6.401 6.235 5.946 6.019 5.685 5.68 5.475 5.311 5.129 4.93 4.63 4.573 4.353 4.396 3.995 4.099 3.973 3.73 3.696 3.502 3.596 3.601 3.452 3.525 3.556 3.54
19.884 16.753 15.511 14.067 12.93 12.117 11.767 11.021 11.055 10.88 10.8 10.492 9.938 9.547 9.407 9.117 9.105 8.756 8.564 8.391 8.052 7.728 7.643 7.313 7.125 6.667 6.731 6.516 6.278 6.298 5.965 5.923 5.738 5.437 5.367 5.126 4.888 4.743 4.515 4.632 4.262 4.269 4.192 3.927 3.848 3.62 3.595 3.498 3.481 3.42 3.53 3.589
19.915 19.033 16.821 16.373 14.58 12.632 12.688 11.894 11.844 11.438 11.117 10.932 10.405 9.913 9.697 9.526 9.335 9.129 8.858 8.667 8.311 8.048 7.842 7.505 7.415 6.96 6.959 6.694 6.585 6.549 6.257 6.106 5.997 5.674 5.579 5.317 5.18 5.013 4.739 4.864 4.519 4.461 4.406 4.135 4.047 3.868 3.683 3.497 3.554 3.312 3.456 3.531
19.888 19.646 18.689 18.042 16.616 14.128 14.569 13.031 12.291 11.931 11.46 11.258 10.831 10.605 10.182 9.927 9.618 9.425 9.066 8.871 8.507 8.293 8.004 7.733 7.668 7.254 7.213 6.886 6.827 6.778 6.542 6.265 6.241 6.04 5.784 5.532 5.469 5.398 5.032 5.005 4.577 4.811 4.667 4.319 4.335 4.137 4 3.869 3.646 3.619 3.373 3.475
19.8 19.707 20.055 19.242 18.587 16.201 16.431 14.423 12.809 12.351 11.86 11.589 11.236 11.474 10.842 10.296 9.982 9.651 9.195 9.007 8.674 8.512 8.256 8.137 7.815 7.528 7.741 7.344 6.946 7.006 6.756 6.455 6.359 6.18 6.235 5.805 5.799 5.639 5.306 5.229 4.986 4.844 4.837 4.54 4.531 4.293 4.184 4.071 3.855 3.746 3.613 3.524
19.698 19.942 20.03 20.1 19.958 18.211 16.76 16.18 14.4 12.744 12.378 12.314 11.892 11.726 11.264 10.711 10.29 9.918 9.599 9.271 8.928 8.8 8.504 8.331 8.302 7.942 7.892 7.55 7.311 7.238 6.89 6.768 6.701 6.38 6.394 6.115 6.097 5.801 5.536 5.37 5.256 5.059 4.977 4.829 4.675 4.495 4.344 4.195 3.976 3.952 3.886 3.7
19.605 19.638 19.855 20.005 19.944 19.561 18.336 17.522 16.655 15.165 14.298 12.727 12.917 12.185 11.605 11.045 10.689 10.26 10.017 9.562 9.226 9.095 8.841 8.578 8.513 8.258 8.074 7.805 7.591 7.464 7.16 7.059 6.969 6.644 6.587 6.365 6.295 5.981 5.81 5.562 5.466 5.347 5.122 5.11 4.811 4.704 4.546 4.31 4.097 4.217 4.112 3.971
19.493 19.491 19.695 19.825 19.864 19.898 19.449 18.911 18.121 16.966 16.035 14.423 13.829 13.013 12.051 11.559 11.142 10.651 10.373 9.842 9.559 9.417 9.151 8.843 8.61 8.454 8.317 8.11 7.841 7.697 7.532 7.326 7.114 6.965 6.872 6.527 6.406 6.226 6.177 5.898 5.672 5.613 5.297 5.298 4.989 4.853 4.906 4.559 4.491 4.365 4.198 4.163
19.38 19.405 19.528 19.631 19.709 19.679 19.99 19.999 18.949 18.235 17.647 16.98 14.849 14.271 12.726 12.273 11.62 11.092 10.657 10.113 9.927 9.775 9.316 9.104 8.822 8.51 8.611 8.43 8.275 7.948 7.798 7.7 7.236 7.236 6.96 6.709 6.811 6.477 6.377 6.169 5.894 5.843 5.553 5.573 5.324 5.135 5.164 4.854 4.704 4.579 4.371 4.371
19.268 19.302 19.342 19.482 19.477 19.539 19.875 20.119 19.873 20.172 19.772 18.11 17.237 16.061 13.917 12.658 12.016 11.774 11.408 10.957 10.432 10.169 9.629 9.417 9.136 8.881 8.809 8.571 8.509 8.3 8.101 7.96 7.492 7.585 7.261 7.096 7.034 6.715 6.648 6.377 6.146 6.09 5.852 5.835 5.65 5.387 5.34 5.105 4.897 4.834 4.597 4.601
18.987 19.139 19.32 19.358 19.456 19.486 19.645 19.802 19.903 20.164 20.179 19.382 18.346 16.648 15.151 14.351 12.901 12.153 12.165 11.531 10.958 10.549 9.917 9.869 9.488 9.244 9.114 8.862 8.722 8.57 8.397 8.255 7.895 7.896 7.576 7.444 7.294 7.018 6.913 6.574 6.371 6.353 6.172 6.077 5.926 5.625 5.537 5.323 5.124 5.103 4.857 4.827
18.894 19.026 19.203 19.162 19.321 19.387 19.511 19.581 19.766 19.968 20.201 20.202 19.263 17.651 16.687 16.096 14.612 13.087 12.851 11.96 11.5 10.966 10.283 10.335 9.816 9.597 9.465 9.219 8.991 8.81 8.702 8.587 8.365 8.16 7.852 7.682 7.67 7.407 7.143 6.802 6.525 6.632 6.489 6.287 6.106 5.91 5.957 5.564 5.454 5.312 5.111 4.926
18.776 18.886 19.027 18.993 19.16 19.221 19.397 19.443 19.598 19.848 20.064 20.453 20.125 19.274 18.474 17.558 17.102 14.891 13.452 12.348 12.07 11.478 10.822 10.657 10.046 9.963 9.689 9.397 9.472 9.254 9.078 8.786 8.548 8.561 8.294 7.996 7.803 7.609 7.605 7.366 7.009 6.857 6.752 6.543 6.295 6.179 6.129 5.796 5.657 5.514 5.356 5.144
18.482 18.658 18.838 18.977 19.1 18.947 19.128 19.273 19.464 19.772 19.768 20.064 20.069 20.02 20.013 19.609 17.881 16.009 14.441 13.187 13.472 12.183 11.291 11.128 10.711 10.577 10.354 9.971 9.955 9.59 9.362 9.157 8.854 8.719 8.529 8.447 8.192 7.926 7.824 7.618 7.379 7.14 7.047 6.874 6.543 6.437 6.346 6.108 5.956 5.76 5.615 5.429
18.311 18.575 18.66 18.724 18.825 18.799 18.969 19.075 19.25 19.537 19.739 19.925 20.018 20.166 20.319 20.323 19.255 17.32 15.722 15.081 14.442 13.063 12.111 11.586 11.239 11.212 10.874 10.519 10.464 9.964 9.702 9.442 9.152 8.963 8.771 8.77 8.54 8.269 8.056 7.853 7.703 7.469 7.351 7.211 6.813 6.718 6.589 6.441 6.305 6.056 5.899 5.748
18.188 18.452 18.46 18.535 18.601 18.681 18.837 18.959 19.133 19.342 19.61 19.779 19.909 20.103 20.248 20.432 20.242 18.799 17.407 16.913 15.351 14.102 13.329 12.175 11.726 11.905 11.321 11.018 10.946 10.408 10.125 9.679 9.456 9.374 9.083 8.884 8.717 8.597 8.477 8.297 8.039 7.83 7.622 7.448 7.048 7.076 6.738 6.597 6.469 6.397 6.224 6.013
18.019 18.262 18.271 18.374 18.418 18.569 18.716 18.857 19.065 19.187 19.37 19.576 19.738 19.976 20.129 20.225 20.428 20.383 19.414 17.95 16.505 15.291 15.018 13.112 12.356 12.792 11.967 11.517 11.252 10.923 10.682 10.33 9.969 9.704 9.429 9.322 9.075 8.87 8.578 8.453 8.349 7.995 7.888 7.732 7.439 7.238 7.012 6.829 6.587 6.481 6.47 6.282
17.73 17.986 18.118 18.183 18.247 18.441 18.573 18.585 18.849 19.027 19.228 19.362 19.555 19.834 19.946 20.129 20.492 20.669 20.429 19.671 18.531 16.519 15.152 14.216 14.18 13.84 12.528 12.107 11.604 11.34 11.062 10.761 10.521 10.106 9.817 9.515 9.219 9.152 8.891 8.756 8.659 8.303 8.205 8.009 7.732 7.455 7.308 7.227 6.864 6.658 6.688 6.468
17.587 17.794 17.931 18.065 18.076 18.223 18.375 18.409 18.643 18.817 18.981 19.173 19.272 19.541 19.779 20.054 20.606 20.629 20.498 20.301 19.643 18.249 17.041 15.97 15.541 14.837 13.554 13.179 12.194 11.711 11.484 11.155 10.943 10.514 10.296 9.913 9.516 9.459 9.265 9.09 8.92 8.621 8.524 8.246 7.959 7.777 7.638 7.679 7.269 6.981 6.902 6.603
17.376 17.609 17.674 17.871 17.878 17.957 18.146 18.243 18.472 18.613 18.736 18.984 19.092 19.305 19.552 19.89 20.448 20.348 20.168 20.272 20.094 19.783 19.315 17.967 16.709 15.906 15.05 14.562 12.999 12.16 11.991 11.563 11.281 10.935 10.886 10.684 10.134 9.797 9.581 9.362 9.069 8.793 8.773 8.413 8.2 8.274 8.027 7.836 7.58 7.371 7.204 6.992
17.182 17.408 17.432 17.657 17.694 17.728 17.93 18.096 18.32 18.437 18.534 18.808 19.034 19.151 19.248 19.569 19.879 19.911 19.82 19.943 20.069 20.212 20.193 19.727 18.287 17.289 16.878 15.709 13.928 13.051 12.522 12.052 12.113 11.6 11.33 11.021 10.546 10.239 9.834 9.629 9.346 9.188 9.216 8.871 8.655 8.539 8.283 8.091 7.881 7.762 7.513 7.358
17.066 17.178 17.304 17.496 17.599 17.678 17.822 18.005 18.138 18.311 18.461 18.682 18.83 18.865 18.929 19.193 19.372 19.459 19.609 19.701 19.832 20.054 20.06 20.022 19.67 19.055 18.143 16.747 15.223 14.766 14.212 13.021 12.548 12.047 11.808 11.451 11.123 10.715 10.197 10.005 9.864 9.597 9.536 9.192 8.972 8.732 8.523 8.363 8.175 8.051 7.777 7.646
16.93 17.08 17.186 17.333 17.427 17.484 17.673 17.86 18.013 18.162 18.317 18.488 18.626 18.697 18.747 18.974 19.072 19.147 19.338 19.488 19.647 19.874 19.958 20.062 20.124 19.925 19.335 18.455 17.211 16.241 15.424 14.22 13.41 12.609 12.303 11.907 11.636 11.189 10.669 10.455 10.389 10.041 9.815 9.436 9.209 8.948 8.803 8.663 8.464 8.268 8.018 7.848
16.777 16.905 16.987 17.157 17.279 17.373 17.553 17.729 17.9 18.03 18.141 18.278 18.407 18.527 18.623 18.796 18.862 18.936 19.127 19.314 19.513 19.711 19.878 19.988 19.984 20.091 20.267 20.277 19.343 17.357 16.099 15.584 14.846 13.434 12.831 12.35 11.981 11.639 11.26 10.913 10.689 10.568 10.196 9.747 9.535 9.35 9.229 9.055 8.785 8.627 8.409 8.035
16.581 16.673 16.799 16.993 17.158 17.314 17.462 17.615 17.772 17.881 17.944 18.087 18.182 18.323 18.509 18.609 18.679 18.817 19.058 19.185 19.441 19.589 19.757 19.967 19.976 20.077 20.215 20.228 19.863 18.804 17.701 16.853 16.02 14.723 13.573 13.006 12.686 12.131 11.752 11.462 11.136 10.82 10.533 10.234 10.135 9.778 9.479 9.281 9.048 8.94 8.824 8.451
16.312 16.422 16.729 16.882 17.043 17.221 17.385 17.503 17.557 17.579 17.747 18.003 18.068 18.155 18.341 18.51 18.631 18.724 18.87 19.085 19.361 19.455 19.572 19.717 19.787 19.903 19.954 19.995 19.983 19.72 19.34 18.597 17.223 16.33 15.507 14.199 13.49 12.855 12.4 12.092 11.621 11.232 10.963 10.709 10.558 10.1 9.809 9.681 9.365 9.208 9.066 8.793
16.267 16.367 16.505 16.636 16.827 16.972 17.026 17.183 17.317 17.405 17.629 17.806 17.903 18.03 18.18 18.376 18.56 18.643 18.784 19.015 19.208 19.246 19.405 19.55 19.609 19.736 19.79 19.839 19.937 20.025 20.143 19.76 18.64 18.251 17.597 15.684 14.632 13.897 13.15 12.705 12.14 11.77 11.444 11.154 10.897 10.441 10.253 10.189 9.746 9.458 9.151 8.997
15.972 16.014 16.167 16.358 16.471 16.581 16.683 16.908 17.053 17.15 17.415 17.606 17.763 17.899 18.026 18.242 18.461 18.577 18.725 18.924 19.028 19.016 19.22 19.395 19.441 19.61 19.708 19.758 19.778 19.83 20.016 20.107 20.152 20.178 19.289 17.34 16.238 15.298 13.948 13.213 12.685 12.376 11.902 11.594 11.433 11.131 10.733 10.44 10.142 9.86 9.503 9.313
15.613 15.652 15.853 16.061 16.063 16.173 16.425 16.701 16.791 16.858 17.147 17.431 17.647 17.746 17.891 18.12 18.334 18.523 18.625 18.763 18.878 18.828 18.946 19.094 19.269 19.531 19.572 19.603 19.614 19.718 19.896 19.997 20.062 20.133 19.984 18.921 17.373 16.046 15.298 14.818 13.753 12.904 12.349 12.043 11.899 11.499 11.148 10.868 10.53 10.183 9.766 9.644
15.401 15.631 15.727 15.762 15.781 15.974 16.32 16.535 16.64 16.899 17.154 17.228 17.424 17.633 17.798 17.983 18.159 18.38 18.482 18.48 18.584 18.705 18.828 18.927 19.09 19.324 19.431 19.496 19.522 19.622 19.776 19.873 19.935 19.992 20.031 19.709 18.961 17.812 16.735 15.846 14.512 13.859 13.4 12.774 12.446 11.937 11.626 11.278 10.908 10.573 10.132 10.027
15.041 15.163 15.342 15.649 15.967 16.068 16.165 16.299 16.427 16.673 16.923 17.139 17.384 17.569 17.705 17.804 18.04 18.218 18.247 18.31 18.444 18.556 18.643 18.797 18.971 19.072 19.214 19.366 19.389 19.463 19.604 19.716 19.808 19.885 19.913 19.993 20.059 19.428 18.285 16.987 15.464 15.158 14.738 13.791 13.171 12.519 12.206 11.699 11.316 11.061 10.645 10.465
14.835 14.945 15.12 15.428 15.825 15.931 15.925 16.05 16.24 16.5 16.726 17.004 17.305 17.466 17.557 17.616 17.882 17.987 17.986 18.173 18.344 18.415 18.453 18.659 18.861 18.826 18.966 19.195 19.209 19.251 19.389 19.536 19.698 19.862 19.891 19.908 19.947 19.983 20.067 19.021 17.25 16.574 15.823 15.107 14.256 13.281 12.981 12.364 11.888 11.582 11.195 10.952
14.657 14.822 14.994 15.157 15.434 15.615 15.678 15.848 16.102 16.421 16.611 16.808 17.127 17.296 17.352 17.45 17.617 17.674 17.751 17.975 18.153 18.347 18.362 18.435 18.638 18.709 18.821 18.971 19.059 19.118 19.274 19.413 19.623 19.758 19.763 19.836 19.853 19.902 20.008 19.766 19.277 18.252 16.98 16.597 15.615 14.51 13.887 12.976 12.645 12.193 11.702 11.482
14.356 14.579 14.859 14.99 15.079 15.327 15.635 15.825 16.035 16.246 16.508 16.826 16.979 17.178 17.368 17.396 17.525 17.625 17.742 17.821 17.991 18.233 18.287 18.345 18.504 18.618 18.706 18.816 18.881 18.965 19.121 19.234 19.403 19.531 19.609 19.671 19.695 19.798 19.91 19.961 19.99 19.39 18.37 17.841 16.968 16.064 15.271 14.246 13.663 12.83 12.386 12.187
14.194 14.382 14.575 14.751 14.985 15.227 15.498 15.681 15.954 16.028 16.289 16.633 16.735 16.993 17.203 17.301 17.472 17.551 17.63 17.685 17.835 18.024 18.132 18.224 18.361 18.492 18.587 18.694 18.735 18.827 18.964 19.041 19.161 19.291 19.449 19.498 19.534 19.687 19.793 19.845 19.915 19.993 19.598 18.885 18.372 17.883 17.119 16.122 15.055 13.702 13.335 13.051
13.991 14.25 14.376 14.579 14.868 15.093 15.342 15.541 15.796 15.825 16.043 16.381 16.496 16.756 16.963 17.143 17.325 17.435 17.521 17.575 17.685 17.802 17.939 18.078 18.206 18.328 18.447 18.579 18.615 18.702 18.811 18.857 18.965 19.085 19.293 19.375 19.407 19.583 19.679 19.711 19.847 19.955 19.965 19.992 19.935 19.926 19.091 17.846 17.435 15.91 14.533 13.588
13.764 14.029 14.159 14.42 14.687 14.908 15.163 15.362 15.535 15.65 15.793 16.133 16.285 16.482 16.715 16.903 17.003 17.268 17.524 17.481 17.561 17.691 17.781 17.94 18.058 18.132 18.254 18.405 18.443 18.542 18.654 18.75 18.847 18.886 19.11 19.243 19.276 19.426 19.554 19.724 19.817 19.831 19.942 20.011 20.103 20.168 19.96 19.662 18.791 16.836 15.746 15.189
