sandwich_west_overwash_utm.asc
ncols         136
nrows         230
xllcorner     376837.065
yllcorner     4624758.449
cellsize      0.875048900218
nodata_value  -9999.0
[rows 136 to 169 of 230, columns 0 to 75 of 136]
8.637 8.584 8.549 8.622 8.617 8.707 8.875 9.062 9.081 9.098 9.123 9.17 9.311 9.264 9.362 9.391 9.48 9.592 9.607 9.704 9.841 9.845 10.107 10.18 10.566 11.04 10.99 10.842 11.014 11.119 11.369 11.609 11.715 11.797 11.927 11.991 12.191 12.388 12.292 12.114 11.775 11.441 11.195 11.26 11.944 12.889 12.874 13.667 14.783 15.411 15.445 14.588 13.334 12.697 12.108 11.727 11.411 11.145 10.998 10.71 10.574 10.435 10.311 10.202 10.159 10.055 10.03 9.948 9.933 9.874 9.76 9.693 9.615 9.665 9.69 9.498
8.479 8.488 8.569 8.622 8.708 8.769 8.891 9.023 9.111 9.094 9.045 8.998 9.058 9.016 9.197 9.333 9.321 9.525 9.562 9.646 9.663 9.619 9.923 10.074 10.44 10.724 11.193 11.403 11.404 11.29 11.508 11.672 11.755 11.848 11.955 12.034 12.16 12.16 12.08 11.843 11.617 11.419 11.158 11.002 11.28 11.841 11.944 12.937 13.799 15.119 15.628 15.29 14.37 13.46 12.768 12.166 11.945 11.511 11.276 11.014 10.73 10.556 10.509 10.383 10.307 10.202 10.153 10.052 10.047 10.01 9.908 9.892 9.826 9.803 9.813 9.692
8.454 8.446 8.566 8.777 8.783 8.727 8.874 8.933 8.947 8.982 8.893 8.949 8.925 8.901 8.993 9.099 9.201 9.448 9.467 9.548 9.565 9.627 9.798 9.954 10.353 10.827 11.363 11.718 11.671 11.524 11.651 11.76 11.847 11.883 11.964 12.056 12.131 12.013 11.91 11.637 11.501 11.409 11.18 10.981 10.904 10.951 11.37 12.206 12.759 14.351 15.351 15.607 15.364 14.312 13.53 12.762 12.578 11.907 11.517 11.377 11.071 10.709 10.658 10.52 10.456 10.385 10.274 10.171 10.183 10.142 10.097 10.037 9.919 9.931 9.967 9.857
8.604 8.591 8.748 8.887 8.75 8.655 8.833 8.843 8.863 8.864 8.821 8.835 8.767 8.85 8.848 8.912 9.118 9.312 9.382 9.473 9.525 9.633 9.751 9.906 10.392 11.08 11.501 11.852 11.818 11.74 11.807 11.876 11.962 11.922 11.966 12.039 12.085 11.934 11.752 11.504 11.426 11.339 11.141 11.001 10.929 10.906 11.031 11.272 11.94 13.345 14.41 15.344 15.438 14.822 14.382 13.72 13.004 12.708 12.043 11.741 11.408 10.938 10.919 10.688 10.544 10.474 10.476 10.407 10.427 10.287 10.269 10.227 10.078 10.134 10.172 10.061
8.769 8.813 8.963 8.933 8.678 8.589 8.732 8.731 8.753 8.75 8.774 8.7 8.636 8.81 8.775 8.848 9.069 9.148 9.316 9.435 9.516 9.588 9.799 9.98 10.566 11.294 11.602 11.858 11.837 11.85 11.993 12.008 12.055 12.046 12.013 11.983 11.946 11.837 11.652 11.437 11.353 11.337 11.259 11.026 10.832 10.759 10.786 10.828 11.435 12.606 13.896 14.816 15.142 15.283 14.788 14.308 13.571 12.933 12.424 12.119 11.753 11.222 11.086 10.895 10.758 10.662 10.681 10.606 10.587 10.492 10.481 10.431 10.325 10.362 10.351 10.243
8.903 9.029 9.116 8.898 8.601 8.535 8.549 8.561 8.528 8.633 8.686 8.636 8.623 8.689 8.788 9.012 9.084 9.078 9.259 9.372 9.503 9.739 9.999 10.096 10.482 11.004 11.424 11.668 11.943 12.121 12.09 12.094 12.06 12.03 11.977 11.954 11.827 11.738 11.62 11.495 11.41 11.311 11.262 11.117 10.928 10.755 10.619 10.617 10.989 11.697 13.036 14.306 15.087 15.418 14.941 14.695 14.285 13.597 12.973 12.516 12.106 11.63 11.319 11.167 10.999 10.865 10.876 10.804 10.742 10.704 10.703 10.661 10.618 10.6 10.52 10.409
9.006 8.994 8.959 8.734 8.424 8.321 8.338 8.322 8.5 8.611 8.612 8.556 8.58 8.597 8.639 8.839 8.897 9.02 9.254 9.398 9.579 9.735 9.916 10.124 10.355 10.644 11.018 11.518 12.089 12.256 12.166 12.09 12.03 11.99 11.952 11.947 11.833 11.74 11.636 11.534 11.443 11.298 11.212 11.154 10.993 10.762 10.557 10.564 10.668 10.966 12.21 13.817 14.9 15.112 14.839 14.921 15.069 14.704 13.716 12.953 12.515 12.199 11.702 11.513 11.202 11.024 11.048 11.056 10.987 10.843 10.887 10.935 10.86 10.837 10.778 10.608
9.049 8.964 8.829 8.591 8.358 8.277 8.343 8.316 8.372 8.464 8.512 8.488 8.541 8.583 8.584 8.657 8.785 9.029 9.249 9.4 9.632 9.798 9.869 10.042 10.189 10.389 10.8 11.558 12.209 12.299 12.23 12.079 12.016 11.97 11.95 11.966 11.933 11.826 11.675 11.517 11.417 11.309 11.144 11.073 10.884 10.697 10.619 10.592 10.595 10.966 12.084 13.2 13.733 14.135 14.367 15.016 15.394 15.119 14.317 13.603 13.279 12.883 12.168 11.939 11.72 11.508 11.336 11.199 11.173 11.197 11.181 11.172 11.042 11.025 10.911 10.797
9.038 8.958 8.744 8.488 8.336 8.281 8.381 8.362 8.249 8.28 8.365 8.413 8.474 8.576 8.582 8.536 8.765 9.069 9.245 9.387 9.656 9.993 9.965 9.859 10.003 10.394 11.118 11.902 12.245 12.299 12.309 12.203 12.113 12.028 11.977 11.994 11.926 11.823 11.664 11.552 11.46 11.305 11.158 11.127 11.004 10.831 10.677 10.604 10.584 10.7 11.169 11.895 12.686 13.569 14.182 14.919 15.322 15.172 14.729 14.45 14.106 13.457 12.952 12.508 12.146 11.942 11.786 11.684 11.611 11.621 11.57 11.492 11.318 11.26 11.141 11.049
8.99 8.978 8.72 8.439 8.322 8.256 8.298 8.317 8.252 8.151 8.139 8.295 8.307 8.389 8.472 8.519 8.704 8.983 9.322 9.649 9.831 9.945 9.918 9.898 10.103 10.555 11.252 12.044 12.354 12.376 12.317 12.229 12.182 12.054 11.974 11.952 11.876 11.772 11.653 11.604 11.507 11.351 11.252 11.232 11.131 10.956 10.786 10.671 10.66 10.637 10.66 11.071 11.987 12.993 13.764 14.598 14.808 14.677 14.737 14.984 14.774 14.251 13.878 13.214 12.736 12.42 12.345 12.338 12.219 12.1 11.975 11.875 11.722 11.618 11.521 11.399
8.954 8.979 8.776 8.499 8.4 8.344 8.289 8.266 8.249 8.141 8.144 8.239 8.281 8.342 8.417 8.491 8.676 8.999 9.327 9.61 9.796 9.893 9.903 9.936 10.188 10.681 11.395 12.157 12.448 12.407 12.298 12.228 12.178 12.026 11.934 11.905 11.839 11.761 11.692 11.654 11.562 11.45 11.366 11.319 11.221 11.059 10.903 10.784 10.765 10.676 10.512 10.702 11.508 12.314 13.077 13.955 13.853 13.65 14.226 14.93 15.145 15.281 14.792 14.084 13.677 13.025 12.937 12.942 12.902 12.619 12.259 12.246 12.319 12.253 12.106 11.881
8.985 8.983 8.816 8.544 8.414 8.365 8.283 8.232 8.219 8.096 8.08 8.154 8.195 8.279 8.384 8.468 8.614 8.911 9.262 9.556 9.765 9.87 9.92 10 10.313 10.816 11.488 12.222 12.55 12.458 12.272 12.173 12.104 11.978 11.888 11.862 11.819 11.781 11.756 11.686 11.63 11.586 11.463 11.346 11.251 11.125 10.989 10.935 10.811 10.618 10.512 10.547 10.925 11.529 12.23 12.659 12.578 12.43 12.959 13.95 14.413 14.964 15.087 14.996 14.634 14.134 14.024 13.733 13.565 13.487 13.287 13.033 13.042 13.183 13.115 12.899
8.934 8.957 8.839 8.618 8.448 8.381 8.33 8.274 8.257 8.109 8.021 8.068 8.063 8.18 8.348 8.452 8.53 8.749 9.152 9.546 9.785 9.876 9.964 10.094 10.512 10.98 11.482 12.219 12.697 12.629 12.257 12.005 11.974 12.009 11.901 11.804 11.771 11.679 11.635 11.663 11.681 11.632 11.529 11.425 11.303 11.164 11.073 10.946 10.763 10.606 10.549 10.568 10.736 11.211 11.766 12.01 11.862 11.629 11.953 12.724 13.535 14.217 14.507 15.016 15.064 14.791 14.933 14.885 14.725 14.451 14.309 14.251 14.188 14.426 14.397 14.001
8.791 8.894 8.848 8.737 8.551 8.44 8.479 8.458 8.471 8.316 8.094 8.043 7.959 8.025 8.265 8.428 8.554 8.852 9.058 9.313 9.631 9.808 9.919 10.078 10.513 11.033 11.615 12.297 12.653 12.513 12.194 11.988 11.917 11.875 11.791 11.74 11.704 11.625 11.611 11.655 11.66 11.625 11.536 11.403 11.272 11.196 11.107 10.891 10.74 10.654 10.61 10.65 10.687 10.929 11.303 11.478 11.32 11.094 11.194 11.629 12.479 13.131 13.544 14.504 14.861 14.716 15.163 15.61 15.739 15.345 15.288 15.559 15.415 15.648 15.642 14.99
8.808 8.876 8.839 8.703 8.621 8.669 8.666 8.623 8.595 8.39 8.152 7.972 7.883 8.005 8.187 8.327 8.537 8.839 9.094 9.321 9.536 9.719 9.898 10.172 10.567 11.225 11.917 12.464 12.69 12.456 12.122 11.913 11.8 11.717 11.688 11.681 11.649 11.617 11.62 11.638 11.619 11.591 11.504 11.352 11.239 11.218 11.114 10.87 10.79 10.755 10.701 10.761 10.726 10.695 10.878 11.003 10.907 10.76 10.712 10.827 11.268 11.811 12.499 13.663 13.902 13.624 14.094 14.842 15.622 16.006 16.206 16.144 15.757 15.8 15.89 15.601
8.893 8.966 8.907 8.763 8.721 8.732 8.726 8.75 8.689 8.477 8.262 8.021 7.871 7.963 8.106 8.261 8.485 8.817 9.185 9.399 9.531 9.715 9.932 10.259 10.745 11.501 12.207 12.667 12.767 12.427 12.031 11.796 11.657 11.58 11.598 11.603 11.6 11.64 11.634 11.607 11.576 11.542 11.45 11.329 11.262 11.22 11.13 11.005 10.962 10.905 10.841 10.853 10.817 10.787 10.808 10.877 10.784 10.617 10.542 10.473 10.513 10.787 11.083 11.952 12.411 12.415 13.01 13.867 14.716 15.094 15.265 15.109 14.735 14.904 15.118 15.093
9.005 9.072 8.963 8.826 8.813 8.746 8.746 8.823 8.745 8.553 8.391 8.165 7.928 7.9 8.036 8.247 8.424 8.798 9.25 9.485 9.619 9.839 10.035 10.279 11.104 11.776 12.326 12.851 12.821 12.358 11.902 11.712 11.593 11.519 11.467 11.418 11.49 11.62 11.638 11.564 11.464 11.456 11.443 11.351 11.253 11.224 11.217 11.085 11.019 11.064 11.005 10.968 10.94 10.858 10.834 10.815 10.746 10.677 10.584 10.4 10.226 10.301 10.453 10.945 11.282 11.411 11.943 12.695 13.662 13.947 13.957 13.76 13.456 13.77 14.114 14.295
9.109 9.134 8.961 8.837 8.881 8.807 8.796 8.824 8.746 8.572 8.478 8.328 8.074 7.866 8.002 8.273 8.482 8.639 9.043 9.514 9.693 9.902 10.266 10.603 11.085 11.722 12.42 12.714 12.547 12.221 11.826 11.59 11.476 11.449 11.391 11.344 11.358 11.457 11.526 11.517 11.469 11.414 11.372 11.32 11.251 11.197 11.193 11.138 11.101 11.142 11.064 11.06 11.065 10.978 10.922 10.837 10.779 10.766 10.649 10.442 10.218 10.197 10.283 10.391 10.525 10.695 11.047 11.569 12.506 12.675 12.579 12.386 12.196 12.619 13.109 13.439
9.073 9.022 8.912 8.871 8.955 8.914 8.841 8.785 8.759 8.692 8.548 8.294 8.051 7.84 7.906 8.085 8.367 8.714 9.071 9.514 9.753 9.987 10.351 10.789 11.191 11.712 12.41 12.609 12.352 12.079 11.712 11.494 11.393 11.35 11.297 11.237 11.242 11.331 11.423 11.428 11.416 11.35 11.284 11.282 11.249 11.173 11.14 11.157 11.162 11.152 11.069 11.14 11.175 11.121 11.025 10.921 10.856 10.827 10.685 10.543 10.388 10.38 10.334 10.137 10.153 10.374 10.519 10.843 11.196 11.326 11.399 11.278 11.211 11.685 12.272 12.599
8.888 8.906 8.888 8.91 8.974 8.973 8.912 8.872 8.864 8.81 8.653 8.353 8.075 7.843 7.803 7.968 8.355 8.884 9.175 9.499 9.806 10.031 10.341 10.827 11.246 11.71 12.351 12.516 12.228 11.902 11.539 11.392 11.294 11.222 11.189 11.095 11.135 11.265 11.356 11.28 11.24 11.243 11.213 11.269 11.236 11.193 11.15 11.119 11.12 11.137 11.133 11.242 11.229 11.154 11.013 10.918 10.908 10.87 10.836 10.796 10.626 10.499 10.471 10.329 10.254 10.34 10.442 10.506 10.589 10.672 10.711 10.716 10.758 11.022 11.363 11.62
8.746 8.79 8.859 8.909 8.912 8.974 8.986 8.982 8.962 8.887 8.747 8.475 8.157 7.849 7.711 7.976 8.474 9.034 9.284 9.484 9.845 10.007 10.292 10.709 11.112 11.701 12.295 12.396 12.15 11.626 11.286 11.194 11.036 11.08 11.12 11.052 10.9 11.096 11.193 11.143 11.143 11.137 11.205 11.248 11.178 11.182 11.205 11.09 11.082 11.13 11.137 11.2 11.189 11.133 10.984 10.911 10.898 10.854 10.872 10.837 10.693 10.593 10.533 10.4 10.37 10.402 10.458 10.414 10.386 10.418 10.395 10.406 10.464 10.588 10.768 10.892
8.686 8.667 8.8 8.842 8.758 8.911 9.038 8.987 8.931 8.875 8.738 8.549 8.274 7.776 7.671 8.043 8.571 8.827 9.246 9.584 9.74 10.042 10.426 10.855 11.138 11.394 11.811 12.009 11.851 11.364 11.075 10.963 10.888 10.941 11.063 10.964 10.829 10.997 11.091 11.079 11.047 11.041 11.146 11.183 11.19 11.168 11.147 11.084 11.091 11.123 11.104 11.111 11.123 11.096 10.959 10.92 10.918 10.866 10.863 10.809 10.72 10.679 10.585 10.466 10.499 10.492 10.498 10.448 10.406 10.395 10.346 10.3 10.3 10.382 10.528 10.514
8.434 8.492 8.609 8.774 8.796 8.954 9.008 8.982 8.923 8.714 8.678 8.484 8.136 7.775 7.636 8.081 8.732 9.089 9.428 9.73 9.848 10.129 10.502 10.818 11.038 11.248 11.561 11.755 11.608 11.186 10.915 10.741 10.745 10.782 10.907 10.83 10.768 10.839 10.989 11.022 10.968 10.964 11.05 11.081 11.167 11.116 11.016 11.039 11.087 11.097 11.046 11.012 11.039 11.046 10.94 10.932 10.968 10.92 10.834 10.781 10.771 10.76 10.679 10.619 10.628 10.533 10.488 10.429 10.391 10.335 10.378 10.414 10.384 10.397 10.366 10.455
7.96 8.226 8.44 8.603 8.682 8.852 8.912 8.907 8.842 8.649 8.618 8.367 8.052 7.811 7.751 8.214 8.834 9.263 9.543 9.812 9.957 10.161 10.522 10.713 10.88 11.123 11.364 11.582 11.389 11.011 10.749 10.554 10.585 10.595 10.637 10.656 10.67 10.621 10.865 10.934 10.906 10.901 10.925 10.947 11.004 11.001 10.859 10.849 10.973 11.015 10.986 10.963 10.93 10.967 10.913 10.863 10.88 10.906 10.743 10.743 10.786 10.749 10.646 10.632 10.616 10.528 10.452 10.421 10.43 10.366 10.374 10.432 10.38 10.464 10.455 10.45
7.573 7.996 8.257 8.363 8.46 8.648 8.712 8.753 8.737 8.638 8.509 8.199 7.999 7.85 7.976 8.39 8.854 9.202 9.522 9.803 9.978 10.101 10.495 10.631 10.714 10.867 11.016 11.419 11.127 10.687 10.481 10.458 10.385 10.362 10.314 10.427 10.571 10.588 10.731 10.737 10.693 10.692 10.765 10.861 10.854 10.84 10.797 10.831 10.816 10.831 10.817 10.832 10.848 10.941 10.934 10.855 10.778 10.801 10.636 10.669 10.694 10.698 10.627 10.614 10.563 10.486 10.438 10.394 10.43 10.374 10.348 10.425 10.409 10.495 10.513 10.454
7.398 7.805 8.016 8.073 8.158 8.382 8.358 8.518 8.685 8.572 8.281 7.954 7.811 7.839 8.023 8.34 8.869 9.133 9.484 9.889 10.068 10.204 10.536 10.507 10.666 10.888 10.891 10.717 10.661 10.442 10.244 10.215 10.174 10.133 10.112 10.307 10.435 10.445 10.596 10.615 10.528 10.481 10.57 10.705 10.714 10.667 10.617 10.684 10.695 10.681 10.648 10.696 10.729 10.825 10.83 10.804 10.687 10.667 10.528 10.547 10.521 10.539 10.526 10.527 10.485 10.423 10.399 10.358 10.396 10.352 10.321 10.394 10.443 10.453 10.476 10.455
7.132 7.175 7.385 7.688 7.751 7.927 7.936 8.184 8.587 8.584 8.201 7.909 7.827 7.839 7.96 8.289 8.812 9.141 9.54 9.911 10.091 10.218 10.405 10.502 10.633 10.642 10.488 10.236 10.214 10.125 10.02 9.932 9.954 9.93 9.875 10.104 10.209 10.25 10.38 10.408 10.353 10.285 10.384 10.529 10.548 10.463 10.382 10.45 10.549 10.557 10.491 10.539 10.564 10.602 10.595 10.684 10.585 10.522 10.418 10.371 10.288 10.234 10.275 10.343 10.408 10.356 10.262 10.346 10.35 10.31 10.341 10.302 10.294 10.31 10.382 10.407
6.461 6.564 6.853 7.151 7.283 7.433 7.615 7.863 8.212 8.253 8.032 7.886 7.881 7.832 7.925 8.193 8.727 9.207 9.548 9.807 10.072 10.165 10.203 10.434 10.516 10.306 10.015 9.928 9.824 9.806 9.797 9.666 9.737 9.762 9.631 9.83 9.907 10.013 10.054 10.062 10.138 10.113 10.24 10.377 10.315 10.214 10.189 10.208 10.243 10.435 10.341 10.294 10.375 10.315 10.397 10.485 10.26 10.363 10.273 10.192 10.165 10.164 10.187 10.135 10.148 10.167 10.086 10.21 10.079 10.122 10.175 10.116 10.067 10.187 10.205 10.279
5.865 6.117 6.374 6.554 6.771 6.926 7.242 7.445 7.609 7.705 7.706 7.792 7.88 7.79 7.896 8.058 8.599 9.247 9.441 9.585 10.017 10.049 10.001 10.145 10.241 10.088 9.729 9.649 9.58 9.63 9.542 9.529 9.555 9.633 9.662 9.763 9.691 9.651 9.728 9.802 9.848 9.905 10.007 10.066 10.056 9.997 10.159 10.09 9.989 10.128 10.136 10.1 10.15 10.085 10.217 10.22 10.046 10.085 9.997 10.063 10.004 9.994 10.041 9.951 9.951 9.905 9.911 9.989 9.874 9.93 9.949 9.919 9.857 9.991 9.93 10.073
5.533 5.846 5.91 5.975 6.219 6.435 6.615 6.794 6.88 7.196 7.081 7.472 7.642 7.63 7.678 7.997 8.264 8.801 9.207 9.578 9.766 9.778 9.849 9.948 9.591 9.497 9.356 9.306 9.262 9.271 9.296 9.349 9.36 9.498 9.453 9.385 9.35 9.34 9.442 9.528 9.582 9.618 9.669 9.794 9.893 9.869 9.966 9.886 9.797 9.9 9.892 9.883 9.945 9.87 9.993 9.921 9.878 9.82 9.744 9.897 9.828 9.788 9.857 9.732 9.764 9.629 9.719 9.738 9.722 9.735 9.71 9.715 9.676 9.703 9.606 9.797
4.88 5.053 5.336 5.415 5.819 6.03 6.118 6.395 6.674 6.85 6.87 7.283 7.481 7.5 7.515 7.764 7.974 8.259 8.772 9.171 9.281 9.395 9.38 9.365 9.017 9.054 9.032 8.973 9.007 8.979 9.087 9.15 9.133 9.225 9.119 8.988 9.037 9.131 9.184 9.284 9.326 9.323 9.373 9.56 9.701 9.69 9.705 9.646 9.609 9.699 9.594 9.641 9.732 9.646 9.718 9.614 9.708 9.618 9.567 9.635 9.657 9.587 9.646 9.414 9.526 9.427 9.467 9.563 9.525 9.524 9.53 9.464 9.489 9.381 9.484 9.496
4.658 4.762 4.881 5.003 5.432 5.693 5.708 6.08 6.366 6.522 6.683 7.062 7.255 7.349 7.392 7.585 7.737 7.883 8.253 8.498 8.61 8.824 8.805 8.706 8.57 8.714 8.79 8.678 8.794 8.744 8.895 8.916 8.869 8.847 8.735 8.682 8.808 8.985 8.924 9.085 9.07 9.075 9.235 9.356 9.342 9.288 9.55 9.45 9.301 9.357 9.229 9.392 9.372 9.366 9.445 9.366 9.358 9.406 9.269 9.333 9.361 9.308 9.318 9.124 9.232 9.185 9.17 9.257 9.154 9.184 9.205 9.187 9.316 9.345 9.349 9.299
4.474 4.581 4.524 4.716 5.008 5.308 5.396 5.798 6.032 6.224 6.454 6.807 6.985 7.144 7.27 7.493 7.554 7.737 7.722 7.689 7.83 8.051 8.307 8.236 8.281 8.423 8.676 8.458 8.571 8.502 8.671 8.592 8.556 8.601 8.46 8.553 8.715 8.483 8.506 8.8 8.901 8.947 8.995 9.067 9.075 9.003 9.153 9.167 9.122 9.195 9.07 9.17 9.091 9.171 9.223 9.097 9.084 9.201 9.041 9.082 9.015 9.021 9.098 8.82 8.836 8.839 8.82 8.903 8.85 8.913 8.842 8.949 9.13 9.214 9.16 9.118
4.144 4.302 4.269 4.533 4.505 4.747 5.21 5.486 5.877 5.98 6.137 6.573 6.798 6.787 7.012 7.347 7.44 7.527 7.48 7.442 7.712 7.894 8.1 7.968 8.073 8.156 8.394 8.103 8.159 8.246 8.465 8.414 8.376 8.413 8.222 8.325 8.47 8.36 8.459 8.563 8.601 8.767 8.686 8.719 8.843 8.803 8.902 8.943 8.95 9.001 8.887 8.95 8.882 8.956 8.982 8.91 8.887 8.975 8.834 8.895 8.701 8.733 8.84 8.499 8.422 8.491 8.52 8.565 8.594 8.684 8.49 8.718 8.903 8.894 8.917 8.944
