sandwich_east_overwash_utm.asc
ncols         69
nrows         193
xllcorner     376951.413
yllcorner     4624713.550
cellsize      0.875048900218
nodata_value  -9999.0
[rows 144 to 179 of 193, columns 0 to 68 of 69]
-9999.0 -9999.0 -9999.0 -9999.0 -9999.0 -9999.0 -9999.0 -9999.0 0.491 0.363 0.221 0.311 0.527 0.925 1.767 2.668 3.976 5.404 6.065 6.176 6.228 6.243 6.268 6.328 6.309 6.276 6.231 6.11 6.048 5.957 5.815 5.524 5.251 5.29 5.441 5.709 6.122 6.611 7.201 7.685 8.23 8.796 8.965 8.942 8.925 8.912 9.021 9.088 9.127 9.01 8.885 8.885 8.926 8.933 9.073 9.076 8.946 8.931 8.792 8.743 8.702 8.612 8.608 8.749 8.765 8.806 8.884 8.842 9.179
-9999.0 -9999.0 -9999.0 -9999.0 -9999.0 -9999.0 -9999.0 -9999.0 0.357 0.337 0.262 0.231 0.367 0.974 2.016 2.935 3.984 5.357 6.077 6.125 6.152 6.185 6.194 6.236 6.251 6.212 6.172 6.084 5.999 5.756 5.519 5.21 4.99 5.017 5.187 5.48 5.886 6.286 6.718 7.339 7.842 8.412 8.853 8.933 8.934 8.998 9.047 8.962 8.962 8.856 8.805 8.741 8.78 8.9 9.047 9.075 8.951 8.749 8.598 8.623 8.543 8.418 8.381 8.486 8.588 8.677 8.662 8.734 9.102
-9999.0 -9999.0 -9999.0 -9999.0 -9999.0 -9999.0 -9999.0 -9999.0 -9999.0 0.434 0.409 0.227 0.433 1.019 1.893 2.848 4.137 5.414 6.031 6.129 6.124 6.208 6.238 6.247 6.222 6.136 6.127 5.986 5.776 5.532 5.333 4.9 4.689 4.713 4.81 5.082 5.408 5.678 6.219 6.844 7.558 8.268 8.77 8.875 8.914 9.029 9.006 8.85 8.757 8.758 8.801 8.687 8.7 8.783 8.849 8.889 8.792 8.638 8.594 8.566 8.429 8.293 8.245 8.301 8.424 8.552 8.54 8.631 9.023
-9999.0 -9999.0 -9999.0 -9999.0 -9999.0 -9999.0 -9999.0 -9999.0 -9999.0 0.421 0.347 0.302 0.259 0.749 1.614 2.623 3.586 5.162 5.947 6.011 6.072 6.169 6.118 6.057 6.078 6.008 5.927 5.759 5.531 5.225 4.96 4.602 4.463 4.468 4.589 4.791 5.061 5.329 5.886 6.459 7.181 7.928 8.599 8.782 8.878 8.916 8.795 8.641 8.462 8.51 8.629 8.597 8.667 8.679 8.629 8.639 8.579 8.513 8.523 8.433 8.312 8.197 8.161 8.19 8.264 8.416 8.485 8.537 9.006
-9999.0 -9999.0 -9999.0 -9999.0 -9999.0 -9999.0 -9999.0 -9999.0 -9999.0 -9999.0 0.417 0.464 0.356 0.634 1.402 2.34 3.284 4.554 5.471 5.85 5.964 6.057 6.015 5.941 5.939 5.834 5.663 5.513 5.313 4.928 4.584 4.321 4.222 4.199 4.36 4.532 4.798 5.134 5.636 6.116 6.724 7.391 8.215 8.555 8.772 8.689 8.49 8.375 8.142 8.145 8.301 8.447 8.64 8.608 8.455 8.392 8.383 8.297 8.152 8.089 8.136 8.084 8.052 8.109 8.065 8.208 8.273 8.537 9.022
-9999.0 -9999.0 -9999.0 -9999.0 -9999.0 -9999.0 -9999.0 -9999.0 -9999.0 -9999.0 0.52 0.661 0.614 0.589 1.196 2.042 2.949 4.036 4.86 5.594 5.855 5.947 5.908 5.78 5.74 5.565 5.335 5.241 5.065 4.618 4.233 4.035 3.95 3.903 4.058 4.277 4.581 5.01 5.398 5.75 6.212 6.65 7.419 8.023 8.482 8.455 8.308 8.229 8.072 8.05 8.208 8.294 8.368 8.375 8.256 8.193 8.155 8.086 7.989 7.902 7.976 8.032 7.902 7.925 7.963 8.047 8.272 8.555 8.967
-9999.0 -9999.0 -9999.0 -9999.0 -9999.0 -9999.0 -9999.0 -9999.0 -9999.0 -9999.0 0.589 0.845 0.927 0.604 0.983 1.727 2.389 3.927 4.238 5.205 5.807 5.927 5.748 5.351 5.362 5.089 4.914 4.86 4.567 4.135 3.801 3.662 3.767 3.793 3.893 4.059 4.279 4.683 4.973 5.336 5.728 6.079 6.718 7.249 7.904 8.275 8.256 8.158 7.999 7.98 7.984 8.104 8.135 8.133 8.107 8.143 8.08 7.956 7.862 7.811 7.83 7.894 7.825 7.832 7.924 8.011 8.255 8.507 8.862
-9999.0 -9999.0 -9999.0 -9999.0 -9999.0 -9999.0 -9999.0 -9999.0 -9999.0 -9999.0 -9999.0 0.822 0.889 0.847 0.895 1.003 1.693 2.674 3.343 4.61 4.41 4.513 4.909 4.357 4.488 4.405 4.26 4.202 4.03 3.845 3.605 3.486 3.515 3.616 3.74 3.923 4.042 4.407 4.691 5.061 5.389 5.742 6.25 6.837 7.49 8.022 8.143 8.082 7.989 7.889 7.784 7.902 7.941 8.007 8.068 8.144 8.043 7.889 7.804 7.781 7.712 7.712 7.785 7.812 7.917 8.044 8.192 8.442 8.8
-9999.0 -9999.0 -9999.0 -9999.0 -9999.0 -9999.0 -9999.0 -9999.0 -9999.0 -9999.0 -9999.0 -9999.0 0.903 0.92 0.984 0.641 1.189 1.83 2.338 3.366 2.993 3.157 3.775 3.167 3.39 3.564 3.572 3.58 3.588 3.532 3.34 3.266 3.298 3.446 3.535 3.755 3.822 4.171 4.473 4.781 5.105 5.54 5.937 6.603 7.151 7.661 7.934 7.971 7.995 7.749 7.643 7.686 7.787 8.027 8.138 8.114 7.955 7.874 7.846 7.768 7.648 7.555 7.692 7.823 7.879 7.962 8.161 8.558 9.159
-9999.0 -9999.0 -9999.0 -9999.0 -9999.0 -9999.0 -9999.0 -9999.0 -9999.0 -9999.0 -9999.0 -9999.0 0.92 0.977 1.021 0.635 0.752 1.18 1.384 1.957 1.904 1.939 2.398 2 2.334 2.641 2.871 3.023 3.213 3.151 2.989 2.965 3.148 3.295 3.26 3.488 3.593 3.968 4.243 4.346 4.774 5.331 5.657 6.101 6.648 7.159 7.595 7.771 7.762 7.529 7.421 7.477 7.617 7.81 7.924 7.848 7.658 7.685 7.754 7.689 7.562 7.591 7.719 7.77 7.932 8.118 8.257 8.668 9.29
-9999.0 -9999.0 -9999.0 -9999.0 -9999.0 -9999.0 -9999.0 -9999.0 -9999.0 -9999.0 -9999.0 -9999.0 -9999.0 1.126 0.908 0.988 0.323 0.608 0.664 0.865 1.494 0.905 0.83 1.186 1.802 1.753 2.125 2.444 2.719 2.78 2.902 2.826 2.894 3.06 3.136 3.16 3.351 3.719 4.092 4.259 4.578 4.955 5.298 5.685 6.202 6.884 7.135 7.505 7.556 7.434 7.278 7.4 7.642 7.752 7.811 7.732 7.622 7.684 7.732 7.644 7.53 7.586 7.758 7.882 8.045 8.238 8.404 8.825 9.526
-9999.0 -9999.0 -9999.0 -9999.0 -9999.0 -9999.0 -9999.0 -9999.0 -9999.0 -9999.0 -9999.0 -9999.0 -9999.0 -9999.0 1.021 1.16 0.752 0.876 1.042 1.251 1.548 1.381 0.901 0.714 1.024 0.995 1.449 1.956 2.255 2.4 2.604 2.654 2.709 2.852 2.982 3.025 3.267 3.59 3.843 4.076 4.336 4.595 4.993 5.304 5.718 6.331 6.619 7.179 7.342 7.385 7.298 7.431 7.656 7.652 7.684 7.621 7.621 7.712 7.778 7.629 7.52 7.544 7.776 8.071 8.178 8.342 8.655 9.139 9.983
-9999.0 -9999.0 -9999.0 -9999.0 -9999.0 -9999.0 -9999.0 -9999.0 -9999.0 -9999.0 -9999.0 -9999.0 -9999.0 -9999.0 -9999.0 -9999.0 0.974 1.024 1.163 1.356 1.504 1.533 0.97 0.652 0.551 0.583 0.961 1.504 1.906 2.069 2.303 2.423 2.512 2.648 2.805 2.935 3.136 3.424 3.538 3.867 4.072 4.264 4.709 4.987 5.235 5.629 6.137 6.815 7.091 7.334 7.452 7.535 7.568 7.429 7.483 7.425 7.48 7.633 7.9 7.633 7.488 7.503 7.714 8.098 8.287 8.61 9.214 9.992 10.729
-9999.0 -9999.0 -9999.0 -9999.0 -9999.0 -9999.0 -9999.0 -9999.0 -9999.0 -9999.0 -9999.0 -9999.0 -9999.0 -9999.0 -9999.0 -9999.0 1.011 1.065 1.146 1.295 1.422 1.363 0.95 0.751 0.395 0.406 0.654 1.095 1.671 1.761 2.048 2.142 2.283 2.451 2.616 2.784 2.82 3.103 3.229 3.707 3.814 3.972 4.373 4.81 4.869 5.336 5.845 6.522 6.68 7.17 7.331 7.587 7.449 7.32 7.268 7.376 7.382 7.396 7.503 7.52 7.391 7.477 7.732 8.041 8.488 9.009 9.832 10.683 11.411
-9999.0 -9999.0 -9999.0 -9999.0 -9999.0 -9999.0 -9999.0 -9999.0 -9999.0 -9999.0 -9999.0 -9999.0 -9999.0 -9999.0 -9999.0 -9999.0 -9999.0 -9999.0 -9999.0 -9999.0 -9999.0 0.972 0.823 0.523 0.524 0.128 0.491 0.802 1.438 1.319 1.744 2.002 2.094 2.377 2.465 2.503 2.772 2.992 3.125 3.376 3.587 3.826 4.103 4.448 4.761 4.932 5.364 5.977 6.19 6.745 7.103 7.398 7.262 7.191 7.171 7.222 7.251 7.228 7.283 7.365 7.35 7.476 7.757 8.129 9.046 9.612 10.386 11.197 11.928
-9999.0 -9999.0 -9999.0 -9999.0 -9999.0 -9999.0 -9999.0 -9999.0 -9999.0 -9999.0 -9999.0 -9999.0 -9999.0 -9999.0 -9999.0 -9999.0 -9999.0 -9999.0 -9999.0 -9999.0 -9999.0 -9999.0 -9999.0 0.569 0.641 0.406 0.437 0.504 0.954 0.918 1.386 1.69 1.88 2.139 2.296 2.362 2.605 2.774 3.029 3.182 3.36 3.641 3.847 4.153 4.496 4.548 4.915 5.458 5.796 6.334 6.776 6.938 7.053 7.056 7.104 7.072 7.123 7.094 7.181 7.239 7.387 7.6 7.916 8.501 9.784 10.251 10.815 11.617 12.443
-9999.0 -9999.0 -9999.0 -9999.0 -9999.0 -9999.0 -9999.0 -9999.0 -9999.0 -9999.0 -9999.0 -9999.0 -9999.0 -9999.0 -9999.0 -9999.0 -9999.0 -9999.0 -9999.0 -9999.0 -9999.0 -9999.0 -9999.0 0.559 0.628 0.616 0.484 0.391 0.514 0.699 1.036 1.346 1.647 1.882 2.079 2.214 2.443 2.614 2.909 3.058 3.157 3.429 3.609 3.901 4.099 4.252 4.573 5.06 5.499 5.97 6.338 6.278 6.84 6.906 7.003 7.014 7.015 6.959 7.126 7.244 7.515 8.039 8.473 9.408 10.107 10.428 11.039 12.306 13.893
-9999.0 -9999.0 -9999.0 -9999.0 -9999.0 -9999.0 -9999.0 -9999.0 -9999.0 -9999.0 -9999.0 -9999.0 -9999.0 -9999.0 -9999.0 -9999.0 -9999.0 -9999.0 -9999.0 -9999.0 -9999.0 -9999.0 -9999.0 -9999.0 0.537 0.667 0.598 0.448 0.261 0.633 0.728 1.038 1.379 1.663 1.802 1.961 2.386 2.653 2.715 2.922 3.025 3.225 3.401 3.581 3.791 4.139 4.455 4.909 5.093 5.376 5.794 6.136 6.48 6.582 6.793 6.859 6.924 6.946 7.057 7.491 7.78 8.457 8.584 9.651 10.172 10.484 11.327 12.684 14.118
-9999.0 -9999.0 -9999.0 -9999.0 -9999.0 -9999.0 -9999.0 -9999.0 -9999.0 -9999.0 -9999.0 -9999.0 -9999.0 -9999.0 -9999.0 -9999.0 -9999.0 -9999.0 -9999.0 -9999.0 -9999.0 -9999.0 -9999.0 -9999.0 -9999.0 -9999.0 0.632 0.494 0.516 0.347 0.576 0.851 0.951 1.223 1.694 1.696 2.067 2.313 2.544 2.598 2.783 3.029 3.186 3.382 3.655 3.958 4.308 4.606 4.841 5.009 5.465 5.793 5.947 6.292 6.532 6.743 6.793 6.945 7.26 7.802 8.129 8.863 8.959 9.651 10.099 10.743 11.731 13.196 14.141
-9999.0 -9999.0 -9999.0 -9999.0 -9999.0 -9999.0 -9999.0 -9999.0 -9999.0 -9999.0 -9999.0 -9999.0 -9999.0 -9999.0 -9999.0 -9999.0 -9999.0 -9999.0 -9999.0 -9999.0 -9999.0 -9999.0 -9999.0 -9999.0 -9999.0 -9999.0 -9999.0 0.547 0.509 0.43 0.4 0.722 0.906 1.039 1.442 1.372 1.826 2.08 2.349 2.244 2.545 2.82 2.981 3.267 3.505 3.79 4.105 4.304 4.662 4.836 5.163 5.393 5.543 5.981 6.252 6.6 6.676 6.907 7.471 7.966 8.379 9.089 9.393 9.495 9.953 11.247 12.23 13.739 14.184
-9999.0 -9999.0 -9999.0 -9999.0 -9999.0 -9999.0 -9999.0 -9999.0 -9999.0 -9999.0 -9999.0 -9999.0 -9999.0 -9999.0 -9999.0 -9999.0 -9999.0 -9999.0 -9999.0 -9999.0 -9999.0 -9999.0 -9999.0 -9999.0 -9999.0 -9999.0 -9999.0 0.57 0.496 0.546 0.35 0.505 0.726 0.806 1.107 1.18 1.698 1.851 2.107 1.964 2.359 2.63 2.81 3.157 3.315 3.622 3.874 4.011 4.494 4.766 4.821 5.02 5.404 5.612 5.978 6.364 6.629 6.775 7.358 7.714 8.245 8.829 9.28 9.331 9.834 11.894 12.745 13.286 13.823
-9999.0 -9999.0 -9999.0 -9999.0 -9999.0 -9999.0 -9999.0 -9999.0 -9999.0 -9999.0 -9999.0 -9999.0 -9999.0 -9999.0 -9999.0 -9999.0 -9999.0 -9999.0 -9999.0 -9999.0 -9999.0 -9999.0 -9999.0 -9999.0 -9999.0 -9999.0 -9999.0 -9999.0 0.529 0.574 0.451 0.2 0.218 0.411 0.737 1.243 1.694 1.52 1.799 1.894 2.284 2.516 2.712 2.869 3.098 3.362 3.756 3.596 4.169 4.289 4.562 4.766 5.199 5.464 5.586 5.873 6.369 6.918 7.064 7.558 8.112 8.43 8.806 9.027 9.846 12.279 12.627 12.732 13.087
-9999.0 -9999.0 -9999.0 -9999.0 -9999.0 -9999.0 -9999.0 -9999.0 -9999.0 -9999.0 -9999.0 -9999.0 -9999.0 -9999.0 -9999.0 -9999.0 -9999.0 -9999.0 -9999.0 -9999.0 -9999.0 -9999.0 -9999.0 -9999.0 -9999.0 -9999.0 -9999.0 -9999.0 -9999.0 0.471 0.403 0.41 0.055 0.405 0.322 0.846 1.168 1.221 1.707 1.762 1.917 2.219 2.438 2.609 2.895 3.019 3.445 3.621 3.732 4.041 4.346 4.497 4.951 5.129 5.291 5.546 5.925 6.531 6.795 7.296 7.879 8.089 8.348 8.971 10.502 12.223 12.304 12.322 12.585
-9999.0 -9999.0 -9999.0 -9999.0 -9999.0 -9999.0 -9999.0 -9999.0 -9999.0 -9999.0 -9999.0 -9999.0 -9999.0 -9999.0 -9999.0 -9999.0 -9999.0 -9999.0 -9999.0 -9999.0 -9999.0 -9999.0 -9999.0 -9999.0 -9999.0 -9999.0 -9999.0 -9999.0 -9999.0 -9999.0 0.433 0.483 0.168 0.283 0.284 0.537 0.762 0.918 1.415 1.557 1.667 2.102 2.057 2.391 2.706 2.792 3.113 3.474 3.445 3.772 4.147 4.321 4.702 4.765 4.975 5.298 5.52 6.007 6.502 6.944 7.53 7.814 7.934 9.008 11.1 11.748 11.89 12.063 12.41
-9999.0 -9999.0 -9999.0 -9999.0 -9999.0 -9999.0 -9999.0 -9999.0 -9999.0 -9999.0 -9999.0 -9999.0 -9999.0 -9999.0 -9999.0 -9999.0 -9999.0 -9999.0 -9999.0 -9999.0 -9999.0 -9999.0 -9999.0 -9999.0 -9999.0 -9999.0 -9999.0 -9999.0 -9999.0 -9999.0 0.463 0.432 0.333 0.214 0.286 0.348 0.473 0.61 1.022 1.329 1.534 2.019 1.761 2.16 2.501 2.666 2.822 3.101 3.362 3.437 3.95 4.264 4.484 4.482 4.553 5.062 5.386 5.797 6.071 6.55 7.041 7.579 7.533 8.584 9.23 11.271 11.342 11.633 11.904
-9999.0 -9999.0 -9999.0 -9999.0 -9999.0 -9999.0 -9999.0 -9999.0 -9999.0 -9999.0 -9999.0 -9999.0 -9999.0 -9999.0 -9999.0 -9999.0 -9999.0 -9999.0 -9999.0 -9999.0 -9999.0 -9999.0 -9999.0 -9999.0 -9999.0 -9999.0 -9999.0 -9999.0 -9999.0 -9999.0 -9999.0 0.289 0.428 0.306 0.106 0.322 0.293 0.296 0.664 1.137 1.478 1.649 1.977 1.749 2.201 2.468 2.69 3.057 3.181 3.438 3.618 4.01 4.487 4.361 4.491 4.802 5.034 5.414 5.849 6.198 6.639 7.112 7.369 7.883 8.577 10.115 10.583 11.035 11.509
-9999.0 -9999.0 -9999.0 -9999.0 -9999.0 -9999.0 -9999.0 -9999.0 -9999.0 -9999.0 -9999.0 -9999.0 -9999.0 -9999.0 -9999.0 -9999.0 -9999.0 -9999.0 -9999.0 -9999.0 -9999.0 -9999.0 -9999.0 -9999.0 -9999.0 -9999.0 -9999.0 -9999.0 -9999.0 -9999.0 -9999.0 -9999.0 -9999.0 0.385 0.379 0.355 0.307 0.441 0.657 0.878 1.063 1.231 1.616 1.578 2.017 2.266 2.53 2.856 2.903 3.183 3.393 3.705 4.104 4.249 4.388 4.555 4.839 5.138 5.44 5.842 6.215 6.558 6.97 7.315 8.071 8.931 9.551 10.247 10.988
-9999.0 -9999.0 -9999.0 -9999.0 -9999.0 -9999.0 -9999.0 -9999.0 -9999.0 -9999.0 -9999.0 -9999.0 -9999.0 -9999.0 -9999.0 -9999.0 -9999.0 -9999.0 -9999.0 -9999.0 -9999.0 -9999.0 -9999.0 -9999.0 -9999.0 -9999.0 -9999.0 -9999.0 -9999.0 -9999.0 -9999.0 -9999.0 -9999.0 -9999.0 0.411 0.429 0.35 0.334 0.595 0.707 0.656 0.902 1.317 1.475 1.79 2.064 2.346 2.656 2.646 2.897 3.168 3.422 3.674 4.046 4.165 4.321 4.638 4.853 4.957 5.429 5.786 6.039 6.463 6.875 7.497 7.96 8.426 9.385 10.206
-9999.0 -9999.0 -9999.0 -9999.0 -9999.0 -9999.0 -9999.0 -9999.0 -9999.0 -9999.0 -9999.0 -9999.0 -9999.0 -9999.0 -9999.0 -9999.0 -9999.0 -9999.0 -9999.0 -9999.0 -9999.0 -9999.0 -9999.0 -9999.0 -9999.0 -9999.0 -9999.0 -9999.0 -9999.0 -9999.0 -9999.0 -9999.0 -9999.0 -9999.0 0.372 0.463 0.398 0.233 0.48 0.495 0.355 0.689 1.094 1.354 1.519 1.826 2.126 2.457 2.452 2.666 2.912 3.189 3.369 3.693 3.779 4.086 4.27 4.437 4.555 4.889 5.413 5.772 6.282 6.354 6.901 7.481 8.08 9.061 8.847
-9999.0 -9999.0 -9999.0 -9999.0 -9999.0 -9999.0 -9999.0 -9999.0 -9999.0 -9999.0 -9999.0 -9999.0 -9999.0 -9999.0 -9999.0 -9999.0 -9999.0 -9999.0 -9999.0 -9999.0 -9999.0 -9999.0 -9999.0 -9999.0 -9999.0 -9999.0 -9999.0 -9999.0 -9999.0 -9999.0 -9999.0 -9999.0 -9999.0 -9999.0 -9999.0 0.398 0.446 0.405 0.318 0.064 0.285 0.622 0.829 1.075 1.257 1.43 1.805 2.062 2.332 2.531 2.731 2.805 3.07 3.397 3.635 3.899 4.028 4.215 4.449 4.77 5.062 5.334 5.747 6.061 6.605 6.757 7.42 8.144 8.156
-9999.0 -9999.0 -9999.0 -9999.0 -9999.0 -9999.0 -9999.0 -9999.0 -9999.0 -9999.0 -9999.0 -9999.0 -9999.0 -9999.0 -9999.0 -9999.0 -9999.0 -9999.0 -9999.0 -9999.0 -9999.0 -9999.0 -9999.0 -9999.0 -9999.0 -9999.0 -9999.0 -9999.0 -9999.0 -9999.0 -9999.0 -9999.0 -9999.0 -9999.0 -9999.0 -9999.0 -9999.0 0.37 0.309 0.274 0.216 0.502 0.529 0.684 1.051 1.215 1.655 1.815 2.127 2.271 2.495 2.749 2.87 3.071 3.433 3.624 3.855 4.09 4.258 4.506 4.743 4.991 5.368 5.555 6.154 6.294 6.902 7.39 7.714
-9999.0 -9999.0 -9999.0 -9999.0 -9999.0 -9999.0 -9999.0 -9999.0 -9999.0 -9999.0 -9999.0 -9999.0 -9999.0 -9999.0 -9999.0 -9999.0 -9999.0 -9999.0 -9999.0 -9999.0 -9999.0 -9999.0 -9999.0 -9999.0 -9999.0 -9999.0 -9999.0 -9999.0 -9999.0 -9999.0 -9999.0 -9999.0 -9999.0 -9999.0 -9999.0 -9999.0 -9999.0 0.36 0.349 0.397 0.257 0.364 0.283 0.48 0.825 1.016 1.428 1.603 1.89 2.102 2.187 2.641 2.726 2.814 3.212 3.352 3.646 3.931 4.017 4.199 4.461 4.735 5.09 4.983 5.615 6.066 6.563 6.954 7.338
-9999.0 -9999.0 -9999.0 -9999.0 -9999.0 -9999.0 -9999.0 -9999.0 -9999.0 -9999.0 -9999.0 -9999.0 -9999.0 -9999.0 -9999.0 -9999.0 -9999.0 -9999.0 -9999.0 -9999.0 -9999.0 -9999.0 -9999.0 -9999.0 -9999.0 -9999.0 -9999.0 -9999.0 -9999.0 -9999.0 -9999.0 -9999.0 -9999.0 -9999.0 -9999.0 -9999.0 -9999.0 -9999.0 0.391 0.418 0.348 0.263 0.171 0.402 0.586 0.811 1.105 1.395 1.651 2.039 1.823 2.313 2.608 2.685 3.009 3.157 3.284 3.596 3.807 4.056 4.214 4.47 4.67 4.984 5.408 5.514 5.939 6.463 6.742
-9999.0 -9999.0 -9999.0 -9999.0 -9999.0 -9999.0 -9999.0 -9999.0 -9999.0 -9999.0 -9999.0 -9999.0 -9999.0 -9999.0 -9999.0 -9999.0 -9999.0 -9999.0 -9999.0 -9999.0 -9999.0 -9999.0 -9999.0 -9999.0 -9999.0 -9999.0 -9999.0 -9999.0 -9999.0 -9999.0 -9999.0 -9999.0 -9999.0 -9999.0 -9999.0 -9999.0 -9999.0 -9999.0 -9999.0 0.357 0.386 0.311 0.331 0.206 0.393 0.66 0.851 1.209 1.427 1.624 1.744 2.064 2.326 2.506 2.75 2.954 3.127 3.342 3.519 3.836 4.008 4.207 4.423 4.682 4.996 5.05 5.542 6.015 6.147
-9999.0 -9999.0 -9999.0 -9999.0 -9999.0 -9999.0 -9999.0 -9999.0 -9999.0 -9999.0 -9999.0 -9999.0 -9999.0 -9999.0 -9999.0 -9999.0 -9999.0 -9999.0 -9999.0 -9999.0 -9999.0 -9999.0 -9999.0 -9999.0 -9999.0 -9999.0 -9999.0 -9999.0 -9999.0 -9999.0 -9999.0 -9999.0 -9999.0 -9999.0 -9999.0 -9999.0 -9999.0 -9999.0 -9999.0 -9999.0 -9999.0 0.366 0.407 0.293 0.346 0.533 0.672 0.941 1.177 1.437 1.612 1.827 2.109 2.357 2.605 2.779 2.946 3.126 3.304 3.616 3.714 4.001 4.221 4.32 4.597 4.621 5.146 5.574 5.754
-9999.0 -9999.0 -9999.0 -9999.0 -9999.0 -9999.0 -9999.0 -9999.0 -9999.0 -9999.0 -9999.0 -9999.0 -9999.0 -9999.0 -9999.0 -9999.0 -9999.0 -9999.0 -9999.0 -9999.0 -9999.0 -9999.0 -9999.0 -9999.0 -9999.0 -9999.0 -9999.0 -9999.0 -9999.0 -9999.0 -9999.0 -9999.0 -9999.0 -9999.0 -9999.0 -9999.0 -9999.0 -9999.0 -9999.0 -9999.0 -9999.0 0.384 0.41 0.378 0.319 0.303 0.46 0.753 0.94 1.274 1.486 1.634 1.917 2.217 2.467 2.609 2.791 2.946 3.152 3.405 3.382 3.783 4 3.97 4.26 4.267 4.744 5.139 5.59
