sandwich_bluff_utm.asc
ncols         52
nrows         189
xllcorner     376686.286
yllcorner     4624876.945
cellsize      0.875048900218
nodata_value  -9999.0
[rows 0 to 45 of 189, columns 0 to 51 of 52]
2.949 2.819 2.749 2.632 2.661 2.508 2.644 2.483 2.271 2.127 2.115 1.848 1.616 1.618 1.615 1.522 1.345 1.174 1.154 1.085 0.876 0.713 0.837 0.549 0.553 0.369 0.098 0.158 0.139 0.157 0.203 0.121 0.073 0.121 0.113 -9999.0 -9999.0 -9999.0 -9999.0 -9999.0 -9999.0 -9999.0 -9999.0 -9999.0 -9999.0 -9999.0 -9999.0 -9999.0 -9999.0 -9999.0 -9999.0 -9999.0
2.807 2.817 2.8 2.742 2.679 2.67 2.606 2.331 2.218 2.045 1.931 1.92 1.722 1.697 1.646 1.519 1.539 1.334 1.175 1.189 0.993 0.84 0.884 0.684 0.638 0.483 0.31 0.293 0.221 0.131 0.098 0.085 0.094 0.119 0.101 -9999.0 -9999.0 -9999.0 -9999.0 -9999.0 -9999.0 -9999.0 -9999.0 -9999.0 -9999.0 -9999.0 -9999.0 -9999.0 -9999.0 -9999.0 -9999.0 -9999.0
2.957 2.962 2.795 2.787 2.683 2.684 2.586 2.318 2.215 2.131 1.992 1.974 1.854 1.815 1.741 1.615 1.624 1.412 1.272 1.227 1.096 1.014 0.952 0.862 0.765 0.622 0.565 0.443 0.385 0.168 0.013 0.073 0.123 0.093 0.088 0.097 0.096 -9999.0 -9999.0 -9999.0 -9999.0 -9999.0 -9999.0 -9999.0 -9999.0 -9999.0 -9999.0 -9999.0 -9999.0 -9999.0 -9999.0 -9999.0
3.072 3.015 2.847 2.813 2.699 2.655 2.559 2.37 2.265 2.237 2.115 1.993 1.99 1.929 1.872 1.782 1.664 1.457 1.444 1.245 1.202 1.204 1.108 1.043 0.918 0.797 0.752 0.564 0.596 0.325 0.061 0.094 0.089 0.024 0.094 0.095 0.113 0.162 0.139 -9999.0 -9999.0 -9999.0 -9999.0 -9999.0 -9999.0 -9999.0 -9999.0 -9999.0 -9999.0 -9999.0 -9999.0 -9999.0
3.093 2.967 2.965 2.834 2.743 2.646 2.514 2.437 2.362 2.215 2.105 1.951 2.102 1.96 1.949 1.913 1.908 1.705 1.626 1.504 1.365 1.226 1.141 1.125 0.916 0.907 0.836 0.674 0.635 0.528 0.329 0.246 0.123 0.074 0.108 0.055 0.103 0.156 0.131 0.172 0.148 -9999.0 -9999.0 -9999.0 -9999.0 -9999.0 -9999.0 -9999.0 -9999.0 -9999.0 -9999.0 -9999.0
3.155 3.074 2.957 2.819 2.812 2.752 2.539 2.486 2.366 2.294 2.215 2.053 2.099 2.085 2.081 1.992 1.964 1.762 1.759 1.636 1.534 1.419 1.279 1.198 1.046 1.058 0.959 0.876 0.745 0.69 0.596 0.409 0.228 0.089 0.144 0.083 0.125 0.094 0.113 0.171 0.14 -9999.0 -9999.0 -9999.0 -9999.0 -9999.0 -9999.0 -9999.0 -9999.0 -9999.0 -9999.0 -9999.0
3.188 3.113 2.996 2.871 2.833 2.669 2.592 2.532 2.435 2.351 2.299 2.201 2.195 2.185 2.166 2.075 2.017 1.897 1.888 1.75 1.687 1.625 1.426 1.276 1.206 1.191 1.092 1.028 0.885 0.797 0.8 0.554 0.392 0.165 0.246 0.188 0.184 0.033 0.086 0.131 0.116 0.159 0.148 -9999.0 -9999.0 -9999.0 -9999.0 -9999.0 -9999.0 -9999.0 -9999.0 -9999.0
3.212 3.126 3.037 2.967 2.825 2.645 2.642 2.574 2.509 2.406 2.374 2.34 2.304 2.272 2.212 2.16 2.086 2.086 2.01 1.876 1.81 1.787 1.562 1.375 1.345 1.279 1.208 1.023 1.022 0.83 0.87 0.645 0.616 0.511 0.502 0.357 0.294 0.185 0.06 0.04 0.037 0.159 0.121 0.167 0.166 -9999.0 -9999.0 -9999.0 -9999.0 -9999.0 -9999.0 -9999.0
3.255 3.147 3.081 3.084 2.819 2.8 2.68 2.608 2.54 2.483 2.458 2.39 2.287 2.384 2.254 2.224 2.122 2.116 2.081 2.034 1.875 1.899 1.802 1.607 1.551 1.427 1.342 1.212 1.154 0.913 0.948 0.797 0.713 0.638 0.534 0.485 0.423 0.326 0.23 0.143 0.048 0.128 0.146 0.167 0.176 0.195 0.148 0.131 -9999.0 -9999.0 -9999.0 -9999.0
3.421 3.317 3.224 3.111 2.88 2.926 2.876 2.626 2.634 2.556 2.539 2.509 2.432 2.426 2.346 2.299 2.275 2.178 2.133 2.106 2.011 1.954 1.871 1.755 1.706 1.589 1.456 1.4 1.309 1.082 1.054 0.907 0.786 0.708 0.592 0.617 0.557 0.447 0.394 0.295 0.116 0.133 0.179 0.162 0.14 0.206 0.162 0.148 -9999.0 -9999.0 -9999.0 -9999.0
3.425 3.324 3.276 3.177 3.031 2.991 2.896 2.739 2.678 2.651 2.628 2.573 2.455 2.465 2.421 2.356 2.346 2.28 2.214 2.161 2.142 2.031 1.929 1.879 1.832 1.744 1.585 1.521 1.453 1.288 1.213 1.026 0.902 0.81 0.71 0.774 0.694 0.561 0.511 0.433 0.229 0.193 0.197 0.15 0.044 0.181 0.161 0.196 0.176 0.137 -9999.0 -9999.0
3.44 3.343 3.305 3.247 3.16 3.027 2.904 2.845 2.731 2.746 2.709 2.616 2.455 2.501 2.484 2.414 2.369 2.393 2.316 2.233 2.248 2.15 2.038 2.004 1.94 1.884 1.746 1.523 1.548 1.483 1.465 1.244 1.169 1.083 0.9 0.991 0.842 0.75 0.606 0.441 0.365 0.29 0.182 0.235 0.23 0.146 0.144 0.191 0.152 0.138 0.186 0.145
3.511 3.42 3.348 3.305 3.215 3.069 2.996 2.875 2.844 2.818 2.766 2.706 2.609 2.53 2.56 2.551 2.511 2.413 2.375 2.408 2.319 2.235 2.164 2.077 1.997 2.003 1.891 1.741 1.631 1.64 1.616 1.408 1.326 1.156 1.009 1.048 0.948 0.859 0.757 0.586 0.471 0.458 0.4 0.326 0.267 0.173 0.094 0.121 0.121 0.091 0.18 0.141
3.591 3.48 3.504 3.428 3.255 3.156 3.067 2.936 2.941 2.905 2.815 2.732 2.664 2.609 2.716 2.659 2.52 2.44 2.453 2.398 2.377 2.329 2.266 2.207 2.126 2.069 1.952 1.87 1.74 1.754 1.738 1.547 1.433 1.284 1.16 1.164 1.1 1.022 0.941 0.794 0.639 0.62 0.608 0.413 0.292 0.271 0.149 0.128 0.104 0.044 0.146 0.124
3.656 3.568 3.585 3.542 3.4 3.299 3.174 3.027 2.988 2.951 2.875 2.799 2.758 2.695 2.769 2.737 2.553 2.503 2.536 2.418 2.423 2.402 2.342 2.297 2.248 2.149 2.033 1.965 1.83 1.83 1.832 1.657 1.552 1.496 1.368 1.329 1.286 1.237 1.118 1.018 0.87 0.737 0.702 0.512 0.396 0.453 0.431 0.346 0.13 0.058 0.087 0.117
3.729 3.663 3.651 3.6 3.523 3.393 3.269 3.152 3.057 2.995 2.943 2.905 2.889 2.788 2.756 2.786 2.643 2.607 2.622 2.514 2.467 2.457 2.399 2.315 2.325 2.29 2.22 2.071 1.854 1.87 1.892 1.738 1.777 1.794 1.621 1.419 1.397 1.369 1.129 1.098 0.98 0.856 0.79 0.763 0.729 0.586 0.471 0.506 0.383 0.19 0.201 0.158
3.808 3.749 3.717 3.595 3.551 3.381 3.322 3.321 3.22 3.077 3.015 3.037 3.034 2.92 2.81 2.795 2.801 2.758 2.68 2.609 2.586 2.574 2.557 2.497 2.386 2.303 2.325 2.279 2.095 1.975 1.963 1.875 1.844 1.795 1.706 1.588 1.507 1.428 1.247 1.225 1.175 1.036 0.96 0.899 0.846 0.766 0.622 0.606 0.541 0.393 0.324 0.247
3.865 3.747 3.741 3.713 3.559 3.51 3.468 3.398 3.322 3.248 3.108 3.014 2.952 2.911 2.845 2.824 2.839 2.78 2.732 2.691 2.685 2.648 2.634 2.577 2.475 2.379 2.348 2.293 2.186 2.093 2.051 1.977 1.914 1.839 1.81 1.75 1.633 1.519 1.423 1.387 1.351 1.2 1.14 1.039 0.941 0.928 0.782 0.711 0.674 0.598 0.449 0.35
3.912 3.8 3.792 3.747 3.611 3.533 3.476 3.439 3.393 3.327 3.199 3.083 3.005 2.998 2.927 2.861 2.876 2.843 2.809 2.768 2.758 2.684 2.664 2.635 2.586 2.463 2.37 2.29 2.236 2.216 2.157 2.08 2.005 1.946 1.941 1.88 1.774 1.671 1.63 1.555 1.471 1.32 1.293 1.252 1.127 1.012 0.866 0.899 0.856 0.724 0.573 0.414
3.975 3.867 3.847 3.779 3.684 3.561 3.49 3.48 3.432 3.374 3.307 3.211 3.137 3.136 3.039 2.933 2.938 2.939 2.9 2.839 2.8 2.698 2.677 2.714 2.702 2.52 2.469 2.447 2.365 2.328 2.294 2.251 2.114 2.066 2.05 1.941 1.902 1.905 1.782 1.608 1.562 1.481 1.386 1.298 1.211 1.197 1.101 0.971 0.89 0.811 0.723 0.655
4.063 3.943 3.905 3.844 3.766 3.671 3.621 3.551 3.444 3.461 3.449 3.309 3.186 3.168 3.132 3.133 3.011 2.89 2.916 2.879 2.787 2.817 2.802 2.78 2.732 2.63 2.566 2.541 2.477 2.402 2.362 2.307 2.226 2.214 2.142 2.043 1.986 1.966 1.824 1.687 1.667 1.627 1.549 1.386 1.275 1.34 1.237 1.098 1.01 0.933 0.863 0.828
4.178 4.118 4.005 3.906 3.832 3.714 3.7 3.629 3.494 3.486 3.479 3.399 3.342 3.266 3.193 3.2 3.134 3.021 3.012 2.977 2.885 2.887 2.845 2.822 2.796 2.73 2.67 2.597 2.545 2.487 2.43 2.367 2.313 2.307 2.231 2.134 2.062 2.004 1.861 1.763 1.774 1.735 1.682 1.515 1.399 1.47 1.352 1.251 1.171 1.061 0.984 0.942
4.354 4.262 4.161 4.059 3.96 3.864 3.819 3.735 3.6 3.532 3.52 3.468 3.411 3.315 3.271 3.225 3.183 3.134 3.113 3.076 2.99 2.949 2.904 2.881 2.874 2.832 2.78 2.672 2.625 2.596 2.516 2.435 2.373 2.356 2.313 2.219 2.139 2.064 1.931 1.847 1.885 1.799 1.738 1.687 1.625 1.621 1.513 1.393 1.308 1.142 1.084 1.06
4.516 4.38 4.305 4.231 4.117 4.019 3.917 3.831 3.716 3.617 3.578 3.524 3.437 3.347 3.352 3.239 3.174 3.19 3.187 3.151 3.066 3.025 3.021 2.969 2.955 2.941 2.901 2.838 2.78 2.748 2.643 2.497 2.425 2.397 2.376 2.343 2.227 2.148 2.094 2.078 2.047 1.925 1.816 1.71 1.668 1.7 1.6 1.547 1.439 1.273 1.222 1.191
4.631 4.475 4.402 4.378 4.271 4.095 3.947 3.868 3.797 3.764 3.649 3.589 3.558 3.448 3.367 3.297 3.274 3.228 3.196 3.172 3.121 3.112 3.081 2.994 2.962 2.984 2.97 2.888 2.848 2.828 2.733 2.641 2.551 2.488 2.454 2.407 2.315 2.252 2.208 2.229 2.195 2.039 1.923 1.82 1.83 1.822 1.679 1.641 1.588 1.47 1.386 1.347
4.645 4.579 4.478 4.409 4.266 4.072 4.006 3.977 3.879 3.818 3.739 3.677 3.582 3.487 3.438 3.383 3.342 3.3 3.263 3.229 3.173 3.155 3.112 3.035 2.992 2.982 2.967 2.921 2.914 2.871 2.767 2.71 2.625 2.57 2.539 2.478 2.418 2.362 2.327 2.358 2.29 2.141 2.056 1.965 1.983 1.919 1.774 1.726 1.716 1.669 1.559 1.505
4.857 4.726 4.58 4.505 4.361 4.228 4.169 4.045 3.923 3.869 3.813 3.714 3.601 3.55 3.507 3.447 3.396 3.34 3.3 3.284 3.235 3.185 3.133 3.082 3.027 2.982 2.971 2.963 2.969 2.908 2.796 2.74 2.67 2.641 2.624 2.568 2.53 2.469 2.461 2.464 2.324 2.228 2.213 2.101 2.024 1.932 1.916 1.864 1.75 1.777 1.706 1.62
5.093 4.888 4.707 4.61 4.478 4.42 4.352 4.151 4.014 3.953 3.885 3.75 3.652 3.634 3.561 3.491 3.443 3.354 3.303 3.325 3.302 3.219 3.158 3.125 3.06 3.032 3.061 3.035 3.005 2.985 2.914 2.832 2.771 2.711 2.687 2.678 2.614 2.56 2.503 2.453 2.357 2.251 2.261 2.248 2.165 2.075 2.023 1.983 1.89 1.805 1.772 1.727
5.29 5.056 4.856 4.697 4.569 4.526 4.488 4.382 4.258 4.109 3.988 3.892 3.784 3.698 3.608 3.527 3.495 3.459 3.413 3.353 3.282 3.282 3.241 3.164 3.141 3.109 3.082 3.056 3.024 3.003 2.961 2.88 2.837 2.831 2.794 2.739 2.688 2.599 2.547 2.529 2.461 2.364 2.291 2.284 2.25 2.169 2.127 2.105 2.027 1.908 1.866 1.835
5.477 5.253 5.02 4.885 4.794 4.666 4.539 4.427 4.317 4.152 4.016 3.912 3.838 3.778 3.702 3.631 3.59 3.541 3.463 3.389 3.325 3.323 3.285 3.21 3.191 3.137 3.085 3.096 3.065 3.05 3.013 2.945 2.913 2.901 2.849 2.783 2.751 2.659 2.608 2.596 2.549 2.471 2.349 2.305 2.297 2.256 2.237 2.209 2.161 2.054 1.976 1.95
5.636 5.49 5.288 5.076 4.965 4.813 4.64 4.516 4.403 4.24 4.108 4.007 3.915 3.849 3.784 3.714 3.662 3.585 3.494 3.416 3.353 3.324 3.301 3.27 3.235 3.16 3.11 3.133 3.102 3.1 3.061 3.032 3.001 2.934 2.872 2.822 2.799 2.759 2.678 2.621 2.583 2.524 2.475 2.378 2.319 2.379 2.346 2.275 2.292 2.169 2.07 2.08
5.839 5.706 5.494 5.261 5.119 4.941 4.755 4.641 4.526 4.372 4.251 4.163 4.023 3.931 3.856 3.767 3.695 3.593 3.526 3.441 3.348 3.295 3.299 3.352 3.296 3.221 3.2 3.129 3.098 3.094 3.087 3.132 3.109 3.03 2.978 2.861 2.818 2.85 2.729 2.667 2.661 2.612 2.601 2.566 2.513 2.505 2.427 2.319 2.327 2.226 2.132 2.113
6.098 5.858 5.568 5.448 5.277 5.024 4.855 4.787 4.694 4.533 4.41 4.308 4.17 4.087 3.961 3.829 3.701 3.594 3.601 3.582 3.524 3.413 3.371 3.417 3.395 3.301 3.22 3.168 3.14 3.102 3.09 3.105 3.131 3.103 2.995 2.938 2.92 2.917 2.871 2.806 2.747 2.68 2.678 2.64 2.555 2.514 2.486 2.427 2.377 2.285 2.211 2.152
6.194 5.984 5.796 5.714 5.463 5.251 5.072 4.992 4.885 4.683 4.548 4.401 4.298 4.223 4.036 3.915 3.843 3.719 3.651 3.602 3.546 3.465 3.431 3.453 3.445 3.386 3.281 3.227 3.193 3.143 3.15 3.134 3.164 3.143 3.046 3.044 3.014 2.932 2.96 2.925 2.841 2.755 2.731 2.662 2.547 2.501 2.53 2.538 2.454 2.376 2.298 2.214
6.302 6.179 6.009 5.87 5.632 5.52 5.364 5.177 5.001 4.872 4.729 4.536 4.402 4.285 4.088 4.023 3.984 3.85 3.713 3.638 3.582 3.522 3.482 3.464 3.466 3.454 3.338 3.291 3.258 3.205 3.22 3.194 3.198 3.153 3.136 3.148 3.081 2.912 2.951 2.971 2.934 2.85 2.777 2.686 2.585 2.571 2.554 2.557 2.581 2.536 2.368 2.301
6.456 6.359 6.202 6.01 5.825 5.77 5.645 5.383 5.137 5.092 4.946 4.72 4.51 4.322 4.167 4.145 4.084 3.948 3.801 3.744 3.706 3.612 3.53 3.454 3.476 3.474 3.339 3.348 3.335 3.264 3.185 3.178 3.183 3.153 3.155 3.17 3.143 3.044 2.966 2.879 2.908 2.885 2.796 2.787 2.775 2.787 2.705 2.599 2.553 2.527 2.458 2.372
6.665 6.499 6.378 6.199 6.065 5.942 5.824 5.678 5.436 5.302 5.196 4.936 4.715 4.508 4.417 4.26 4.157 3.996 3.887 3.856 3.765 3.655 3.577 3.492 3.433 3.437 3.405 3.333 3.355 3.312 3.257 3.188 3.178 3.187 3.164 3.15 3.105 3.018 2.956 2.918 2.88 2.825 2.796 2.83 2.828 2.866 2.785 2.674 2.62 2.572 2.537 2.45
7.027 6.839 6.598 6.311 6.202 6.169 6.075 5.942 5.71 5.507 5.342 5.033 4.852 4.724 4.617 4.451 4.259 4.169 4.043 3.915 3.778 3.708 3.615 3.482 3.434 3.439 3.419 3.391 3.439 3.364 3.324 3.262 3.21 3.181 3.179 3.145 3.064 2.985 2.938 2.977 2.864 2.741 2.811 2.86 2.856 2.896 2.823 2.761 2.738 2.652 2.607 2.533
7.251 6.986 6.9 6.605 6.456 6.378 6.239 6.098 5.904 5.755 5.549 5.23 5.05 4.879 4.815 4.661 4.386 4.355 4.181 4.018 3.849 3.771 3.691 3.5 3.481 3.465 3.42 3.462 3.519 3.412 3.371 3.374 3.275 3.169 3.209 3.169 3.053 2.996 2.923 2.995 2.868 2.679 2.864 2.92 2.978 2.976 2.858 2.817 2.792 2.701 2.683 2.592
7.515 7.198 7.181 6.953 6.774 6.611 6.4 6.238 6.079 6.003 5.785 5.493 5.312 5.009 5.028 4.857 4.553 4.514 4.283 4.205 4.022 3.845 3.837 3.606 3.569 3.507 3.462 3.436 3.483 3.444 3.388 3.436 3.377 3.323 3.244 3.205 3.077 3.005 2.999 2.958 2.74 2.75 2.94 2.956 2.957 2.972 2.979 2.889 2.836 2.771 2.779 2.667
7.889 7.602 7.361 7.264 7.109 6.916 6.656 6.482 6.324 6.15 5.962 5.669 5.613 5.311 5.235 4.986 4.821 4.674 4.466 4.31 4.216 4.037 3.893 3.713 3.724 3.572 3.486 3.448 3.469 3.416 3.443 3.422 3.387 3.404 3.335 3.237 3.143 3.071 3.04 2.84 2.686 2.713 2.872 2.924 2.935 2.991 3.002 2.93 2.873 2.835 2.896 2.758
8.041 7.895 7.657 7.443 7.247 7.169 6.91 6.653 6.369 6.319 6.162 5.942 5.827 5.58 5.449 5.208 4.996 4.901 4.619 4.504 4.357 4.206 4.077 3.874 3.829 3.629 3.534 3.497 3.503 3.463 3.505 3.474 3.427 3.437 3.378 3.275 3.199 3.137 3.08 2.793 2.636 2.636 2.77 2.894 2.933 3.006 2.96 2.946 2.911 2.905 3.006 2.861
8.325 8.192 7.961 7.736 7.537 7.388 7.114 6.895 6.559 6.546 6.36 6.197 6.029 5.734 5.655 5.426 5.189 5.101 4.794 4.746 4.506 4.391 4.279 4.054 3.939 3.731 3.63 3.579 3.565 3.55 3.557 3.568 3.489 3.44 3.377 3.328 3.237 3.191 3.144 2.903 2.559 2.587 2.718 2.926 2.968 2.976 2.919 2.94 2.967 3.016 3.03 2.977
8.597 8.494 8.282 8.02 7.891 7.633 7.319 7.199 6.863 6.807 6.542 6.411 6.231 5.845 5.842 5.605 5.433 5.246 5.018 4.998 4.698 4.611 4.414 4.232 4.117 3.939 3.803 3.69 3.617 3.575 3.581 3.563 3.512 3.474 3.48 3.402 3.364 3.292 3.316 3.134 2.914 2.747 2.672 2.883 2.903 2.942 2.957 2.951 3.006 3.04 3.083 3.004
8.791 8.805 8.613 8.195 8.232 7.98 7.58 7.545 7.193 7.068 6.683 6.565 6.426 6.247 5.934 5.743 5.664 5.469 5.243 5.153 4.835 4.789 4.566 4.446 4.289 4.106 3.963 3.863 3.744 3.708 3.629 3.472 3.474 3.474 3.516 3.465 3.487 3.455 3.402 3.258 3.113 2.898 2.759 2.813 2.839 2.926 2.962 2.917 2.992 2.973 3.024 2.955
9.167 9.01 8.696 8.504 8.358 8.179 8.011 7.798 7.364 7.449 7.061 6.821 6.584 6.435 6.2 6.059 5.857 5.645 5.466 5.297 5.081 4.954 4.73 4.64 4.44 4.295 4.123 4.014 3.894 3.879 3.751 3.565 3.534 3.519 3.515 3.498 3.556 3.571 3.474 3.347 3.238 3.053 2.947 2.774 2.831 2.912 2.91 2.86 2.927 2.863 2.902 2.875
