sandwich_zoom.asc
ncols         351
nrows         317
xllcorner     -70.4822839647
yllcorner     41.7640578600
cellsize      0.00001052677907865
nodata_value  -9999.0
[rows 231 to 263 of 317, columns 75 to 149 of 351]
4.184 4.265 4.198 4.198 4.213 4.207 4.203 4.083 4.053 4.19 4.202 4.079 3.971 3.889 3.966 3.79 2.868 2.801 2.908 -9999.0 -9999.0 2.692 2.791 2.659 2.783 3.448 3.735 3.981 4.097 4.077 4.043 4.06 4.017 3.954 3.971 3.973 4.061 3.982 3.956 3.921 3.932 3.953 4.053 4.105 3.949 3.91 3.927 4.011 3.977 3.898 3.831 3.883 3.823 3.855 3.862 3.903 3.72 3.823 3.608 3.755 3.806 3.809 3.837 3.882 3.72 3.794 3.714 3.447 2.361 1.954 1.944 1.891 -9999.0 -9999.0 -9999.0
4.203 4.167 4.125 4.146 4.137 4.07 4.122 4.101 4.062 4.101 4.045 4.042 4.039 4.065 4.044 3.91 1.36 1.91 2.615 -9999.0 -9999.0 2.817 2.722 2.206 2.409 3.461 3.94 3.923 3.933 3.972 4.028 4 3.993 3.981 3.931 3.977 3.971 3.953 3.974 3.959 3.935 4.014 4.059 4.008 3.984 3.949 3.946 4.092 4.109 4 4.091 4.062 3.986 3.927 3.916 3.976 3.946 3.911 3.942 3.972 3.839 3.926 4.022 4.095 4.015 3.901 3.809 3.846 3.56 1.735 1.622 1.385 1.663 1.802 -9999.0
4.119 4.148 4.115 3.975 4.077 4.154 4.204 4.203 4.137 4.077 4.039 3.903 3.691 3.694 3.597 3.114 2.25 2.709 -9999.0 -9999.0 -9999.0 2.984 2.805 1.203 2.618 3.662 3.78 3.846 3.885 3.867 3.911 3.89 3.968 4.046 4.04 4.039 3.938 3.959 3.984 3.964 3.91 3.951 4.038 3.945 3.901 3.93 4.046 4.071 4.059 3.998 4.005 4.049 4.088 4.045 4.066 4.041 4.004 3.959 3.915 3.842 3.849 4.041 4.033 4.021 4.031 3.961 3.834 3.891 3.594 1.747 1.245 1.228 1.542 1.47 1.855
4.087 4.113 4.062 4.069 4.111 4.16 4.19 4.148 4.045 4.08 4.056 3.707 2.481 2.548 2.691 1.088 1.94 2.592 -9999.0 -9999.0 2.376 2.704 2.306 2.927 3.639 3.836 3.826 3.853 3.86 3.81 3.898 3.917 3.939 4.008 4.028 3.94 3.816 3.953 3.931 3.892 3.877 4.007 3.974 3.922 3.934 3.904 3.987 4.08 4.062 4.058 4.064 4.147 4.117 4.087 4.08 3.93 3.968 3.915 3.913 3.844 3.823 3.925 3.994 4.021 3.984 3.995 3.98 4.004 3.965 3.361 3.197 1.422 0.881 1.095 1.827
4.009 4.1 4.069 4.009 4.126 4.239 4.153 4.142 4.146 4.181 4.027 2.698 1.061 1.656 2.067 2.231 2.497 2.327 2.073 1.973 2.408 2.489 1.914 3.147 3.9 3.994 3.937 3.9 3.883 3.97 4.024 3.986 3.91 3.844 3.911 3.933 3.886 3.935 3.911 3.824 3.936 4.048 4.029 4.035 3.961 4.013 4.013 4.11 4.141 4.085 4.123 4.102 3.956 3.893 3.944 3.937 3.963 3.966 3.907 3.904 3.834 3.806 3.977 4.008 3.988 3.966 3.984 3.95 3.914 3.936 3.88 3.393 3.44 1.527 0.615
3.945 4.015 4.162 4.149 4.088 4.072 4.173 4.292 4.27 4.038 3.226 1.384 0.53 1 1.938 2.14 2.527 2.655 2.65 2.125 2.011 2.593 2.932 3.73 3.985 3.953 3.974 3.925 3.952 4.126 4.079 4.019 3.997 3.956 3.658 3.614 3.742 3.859 4.014 4.045 3.848 3.942 4.098 3.992 3.934 4.018 4.043 4.083 3.984 4.034 4.044 3.924 3.916 3.882 4.018 4.108 4.107 4.001 4.025 4.106 4.064 3.919 3.972 4.045 4.021 4.015 3.996 3.925 3.874 3.867 3.864 3.955 3.76 2.785 2.413
4.073 4.032 4.119 4.092 4.034 4.087 4.127 4.083 4.206 3.911 1.832 1.128 0.493 1.323 1.745 1.863 2.476 2.786 2.533 1.881 1.393 1.418 3.076 3.987 3.994 3.942 3.978 4.025 4.114 4.156 4.09 4.033 3.824 3.498 3.366 3.494 3.814 4.026 4.083 4.086 4.058 4.048 4.05 4.067 4.162 4.062 4.059 4.048 3.989 3.936 4.016 3.929 3.895 4.021 3.867 3.88 4.005 4.12 4.182 4.13 4.099 3.97 3.918 3.965 3.953 3.964 4.033 4.026 4.051 4.095 3.942 3.86 3.876 3.482 2.435
3.977 3.985 4.11 4.084 4.065 4.015 4.007 4.038 4.047 3.387 1.561 1.788 1.465 1.52 1.864 2.26 2.698 2.956 1.378 1.82 2.912 3.857 4.22 4.277 4.001 3.972 3.981 4.047 4.042 4.094 4.094 3.897 3.505 3.335 3.43 3.935 4.109 4.12 4.065 4.095 4.15 4.094 4.067 4.036 4.056 4.07 3.992 4.031 4.039 3.989 4.001 3.971 3.944 3.911 3.931 3.877 4.01 4.085 4.073 4.129 4.13 4.072 4.056 3.922 3.954 4.104 4.206 4.011 4.029 4.073 4.137 4.048 4.018 3.788 2.828
3.894 3.912 3.966 3.931 3.912 3.936 3.984 3.95 3.833 3.64 3.183 2.61 2.359 1.824 2.029 2.559 2.842 3.21 3.659 3.845 4.1 4.098 4.066 4.088 4.023 4.134 4.065 3.948 4.012 3.891 3.798 3.766 3.385 3.311 3.707 4.025 4.126 4.138 4.109 4.077 4.096 4.098 4.102 4.008 3.916 3.906 3.821 3.989 4.047 3.944 3.995 3.945 3.923 3.987 4.019 4.016 4.076 4.056 4.087 4.088 4.136 4.029 3.988 3.919 3.987 4.051 4.02 4.063 4.106 4.112 4.137 4.052 4.006 3.982 3.23
3.809 3.846 3.89 3.812 3.858 3.814 3.855 3.851 3.77 3.519 3.34 2.964 2.565 -9999.0 2.372 2.859 2.45 3.172 3.683 3.931 3.911 3.932 3.873 3.909 3.937 3.994 3.947 3.845 3.603 3.793 3.998 3.936 3.916 4.039 3.97 4.035 4.089 4.158 4.131 4.123 4.145 4.097 4.146 4.073 4.1 4.059 4.116 4.157 4.134 4.169 4.161 4.07 4.024 3.907 3.945 4.095 4.087 4.109 4.169 4.1 4.1 4.088 4.007 4.024 4.027 4.032 4.042 4.036 4.009 3.976 4.011 4.005 4.019 4.037 3.538
3.666 3.783 3.872 3.85 3.821 3.709 3.737 3.734 3.579 3.492 3.066 3.108 -9999.0 -9999.0 -9999.0 2.687 2.544 3.381 3.823 3.896 3.476 3.388 3.579 3.723 3.759 3.806 3.834 3.762 3.844 3.96 4.03 4.058 4.108 4.118 4.113 4.109 4.081 4.116 4.17 4.149 4.022 4.03 4.21 4.196 4.155 4.164 4.159 4.148 4.246 4.172 4.079 4.148 4.021 3.889 4.035 4.133 4.264 4.335 4.207 4.276 4.156 4.173 4.132 3.959 4.038 4.098 4.116 4.153 4.056 3.986 4.008 3.967 3.978 3.991 3.969
3.465 3.595 3.706 3.708 3.691 3.654 3.638 3.508 3.245 2.791 3.061 3.274 -9999.0 -9999.0 -9999.0 2.577 2.514 2.832 3.16 3.302 3.419 3.527 3.648 3.834 3.928 3.982 3.995 3.981 4.084 4.003 3.955 3.943 4.064 4.032 4.083 4.187 4.161 4.169 4.126 4.128 4.103 4.117 4.161 4.14 4.156 4.214 4.133 4.142 4.063 4.077 4.061 4.1 4.133 4.116 4.071 4.187 4.211 4.201 4.253 4.305 4.262 4.248 4.233 4.185 4.186 4.151 4.092 4.148 4.126 4.071 4.004 3.851 3.908 3.944 3.856
2.978 3.355 3.455 3.584 3.63 3.58 3.532 3.288 3.085 3.156 3.146 3.001 -9999.0 -9999.0 2.313 2.474 2.563 1.032 1.937 3.271 3.575 3.644 3.765 3.838 3.875 3.875 4.014 4.094 3.95 4.026 4.108 4.035 4.025 4.022 4.117 4.139 4.105 4.093 4.064 3.986 4.1 4.204 4.243 4.252 4.22 4.162 4.09 4.129 4.199 4.161 4.161 4.123 4.191 4.176 4.074 4.084 4.024 3.837 3.998 4.097 4.244 4.371 4.262 4.202 4.202 4.181 4.151 4.155 4.166 4.046 4.078 4.038 4.066 4.009 3.961
2.499 2.95 2.839 3.287 3.618 3.633 3.484 3.088 2.991 3.046 3.047 3.005 2.953 2.86 2.68 2.617 2.264 1.899 1.215 2.664 3.539 3.651 3.691 3.721 3.824 3.88 3.891 4.06 4.044 4.061 4.071 4.034 4.073 4.05 4.08 4.143 4.097 4.067 4.091 4.078 4.122 4.172 4.167 4.172 4.149 4.127 4.133 4.115 4.158 4.218 4.295 4.213 4.209 4.27 4.181 4.138 4.011 3.865 3.877 3.877 4.109 4.378 4.336 4.244 4.257 4.215 4.16 4.144 4.103 4.035 3.975 4.038 4.041 3.953 3.891
2.895 2.905 3.081 3.252 3.374 3.482 2.997 2.911 2.92 2.945 3.012 3.05 2.878 2.848 2.902 2.592 2.258 2.33 2.878 3.314 3.388 3.555 3.669 3.774 3.682 3.763 3.823 3.856 3.87 3.934 4.051 4.005 4.029 3.987 3.94 4.076 4.052 4.069 4.107 4.13 4.131 4.121 4.063 4.057 4.011 4.119 4.219 4.207 4.279 4.297 4.28 4.254 4.262 4.276 4.25 4.151 3.896 3.712 3.834 3.892 3.932 4.203 4.263 4.2 4.286 4.241 4.203 4.227 4.134 4.098 3.991 3.978 4.01 3.904 3.788
2.845 2.928 2.851 2.496 2.469 2.921 1.829 2.361 2.908 2.909 2.985 2.99 1.595 2.335 3.161 2.947 2.465 1.712 2.376 3.038 3.05 3.368 3.545 3.753 3.827 3.852 3.721 3.812 3.888 3.918 3.988 4.023 4 4.043 4.139 4.098 4.055 4.039 4.004 4.145 4.17 4.086 4.104 4.103 4.158 4.217 4.282 4.231 4.307 4.307 4.282 4.339 4.332 4.296 4.316 4.266 3.969 3.779 3.863 3.919 4.006 3.954 4.142 4.287 4.339 4.309 4.272 4.281 4.138 4.022 4.02 3.967 3.928 3.986 3.962
2.881 3.094 2.721 1.379 1.722 1.652 2.256 2.681 2.777 2.828 2.885 2.903 3.403 3.392 3.503 3.355 2.228 2.155 2.346 2.677 3.042 3.27 3.393 3.518 3.709 3.803 3.818 3.87 3.865 3.877 3.967 3.993 3.955 4.045 4.033 4.094 4.09 4.071 4.001 4.109 4.208 4.087 4.151 4.195 4.161 4.234 4.267 4.271 4.291 4.292 4.218 4.264 4.206 4.241 4.336 4.173 3.968 3.864 3.954 3.907 3.871 4.022 4.209 4.258 4.284 4.29 4.232 4.211 4.171 4.059 4.013 3.991 3.895 3.889 3.902
3.48 3.409 3.436 2.459 2.289 2.062 2.272 2.234 2.331 2.668 2.895 3.284 3.576 3.57 3.472 3.222 1.12 1.475 1.844 2.159 2.602 2.96 3.2 3.243 3.614 3.697 3.673 3.713 3.744 3.799 3.959 3.97 3.986 4.01 4.089 4.118 4.154 4.148 4.071 4.007 4.142 4.098 4.099 4.082 4.23 4.314 4.306 4.259 4.238 4.268 4.293 4.312 4.256 4.311 4.298 4.166 3.902 3.893 3.971 3.842 3.889 4.149 4.258 4.31 4.308 4.26 4.208 4.132 4.097 4.121 4.072 3.935 3.993 4.059 4.04
3.521 3.508 3.484 3.187 2.628 2.451 2.376 2.627 2.708 2.101 2.719 3.417 3.551 3.562 3.491 2.65 1.311 1.708 1.778 1.71 1.634 2.419 2.81 3.049 3.39 3.425 3.518 3.587 3.689 3.855 3.898 3.95 4.009 4.015 4.05 4.038 4.071 4.185 4.093 4.154 4.19 4.203 4.107 4.11 4.176 4.167 4.203 4.157 4.086 4.168 4.302 4.283 4.263 4.258 4.223 4.21 3.966 3.985 3.916 3.886 4.083 4.252 4.285 4.24 4.316 4.296 4.282 4.293 4.218 4.002 4.015 4.065 4.054 4.173 4.054
3.418 3.419 3.359 3.212 2.876 2.652 2.571 2.723 2.239 2.756 3.225 3.428 3.544 3.547 3.435 2.751 1.877 1.888 1.685 0.693 0.285 0.624 0.694 2.131 3.026 3.205 3.429 3.532 3.631 3.69 3.773 3.958 3.974 3.981 4.065 4.025 4.024 4.139 4.143 4.123 4.115 4.085 4.137 4.177 4.125 4.035 4.132 4.178 4.145 4.176 4.222 4.244 4.269 4.244 4.225 4.306 4.345 4.228 4.307 4.192 4.135 4.214 4.322 4.306 4.284 4.259 4.217 4.182 4.135 4.142 4.105 4.112 3.993 4.097 3.979
2.32 2.743 3.175 2.884 2.706 2.653 2.609 2.822 3 3.212 3.389 3.534 3.627 3.586 3.559 3.334 2.778 2.196 1.708 1.484 1.302 0.756 0.327 2.093 2.776 2.662 3.024 3.401 3.594 3.656 3.713 3.817 3.882 3.949 4.041 4.061 4.057 4.083 4.103 4.087 3.948 4 4.08 4.108 4.131 4.114 4.192 4.219 4.191 4.201 4.245 4.195 4.173 4.241 4.301 4.243 4.265 4.329 4.283 4.302 4.242 4.222 4.271 4.251 4.161 4.19 4.174 4.082 4.047 4.159 4.154 4.166 4.041 3.951 3.943
3.22 3.194 3.092 2.878 2.84 2.828 2.454 2.636 3.226 3.366 3.467 3.53 3.628 3.715 3.711 3.623 3.165 2.618 1.17 1.262 1.306 1.471 1.933 2.185 1.26 2.23 1.936 2.567 3.278 3.452 3.596 3.808 3.796 3.846 3.954 3.969 3.964 4.025 3.992 4.022 4.08 4.108 4.091 4.116 4.032 4.099 4.192 4.157 4.189 4.194 4.143 4.191 4.262 4.304 4.272 4.176 4.232 4.269 4.22 4.25 4.307 4.195 4.224 4.269 4.175 4.104 4.12 4.176 4.164 4.156 4.142 4.101 4.025 3.988 3.948
3.013 3.122 3.033 2.88 2.899 2.433 1.771 2.55 3.324 3.443 3.552 3.715 3.734 3.723 3.712 3.637 3.513 3.498 1.485 1.27 1.539 1.607 2.466 2.821 3.387 3.676 3.218 3.501 3.505 3.329 3.302 3.123 3.082 2.906 3.489 3.496 3.377 3.698 3.871 3.773 3.945 4.015 4.036 4.126 4.193 4.081 4.084 4.167 4.19 4.146 4.195 4.25 4.226 4.228 4.25 4.27 4.319 4.253 4.066 4.121 4.267 4.273 4.284 4.264 4.188 4.097 4.138 4.093 4.046 4.101 4.083 4.063 4.014 3.998 3.953
2.815 2.936 2.919 2.904 2.856 1.105 0.841 2.561 3.435 3.594 3.628 3.71 3.695 3.653 3.711 3.577 3.636 3.568 3.275 2.477 1.431 0.737 1.852 3.091 3.425 3.535 3.714 3.698 3.768 3.762 3.793 3.711 3.774 3.557 3.007 3 2.759 2.862 2.998 3.214 3.504 3.864 3.948 4.065 4.129 4.235 4.202 4.18 4.086 4.115 4.174 4.17 4.209 4.269 4.235 4.177 4.324 4.235 4.253 4.241 4.325 4.356 4.231 4.192 4.154 4.117 4.149 4.094 3.933 4.027 3.988 3.856 3.918 3.986 3.95
2.767 2.986 3.075 3.205 3.409 3.436 3.352 3.322 3.38 3.568 3.701 3.808 3.847 3.757 3.667 3.578 3.592 3.605 3.459 3.32 2.257 0.949 0.643 2.296 3.305 3.534 3.639 3.657 3.704 3.703 3.825 3.821 3.738 3.825 3.74 3.906 3.648 3.712 3.627 3.224 2.957 3.099 3.132 3.767 4.048 4.138 4.123 4.114 4.145 4.115 4.139 4.175 4.211 4.255 4.174 4.086 4.125 4.226 4.23 4.271 4.228 4.254 4.241 4.195 4.105 4.147 4.112 4.09 4.012 4.016 3.968 3.97 3.947 3.969 3.927
2.867 2.83 2.913 3.147 3.401 3.523 3.474 3.434 3.417 3.397 3.622 3.74 3.742 3.757 3.664 3.64 3.805 3.705 3.553 3.492 3.237 1.766 1.478 2.567 3.3 3.5 3.601 3.568 3.594 3.68 3.731 3.759 3.78 3.864 3.985 4.004 3.981 4.009 4.016 4.104 4.076 3.984 3.91 3.872 3.795 4.016 3.993 4.027 4.086 4.131 4.166 4.218 4.207 4.284 4.245 4.148 4.079 4.103 4.079 4.199 4.259 4.255 4.244 4.108 4.111 4.147 4.128 4.072 3.995 4.026 4.016 4.073 3.989 3.874 3.832
2.843 2.102 2.825 3.325 3.456 3.486 3.415 3.364 3.425 3.48 3.718 3.69 3.728 3.841 3.806 3.728 3.822 3.895 3.85 3.765 3.461 2.637 1.165 2.331 3.115 3.259 3.471 3.536 3.471 3.556 3.71 3.767 3.71 3.818 3.851 3.947 3.979 4.042 4.112 4.192 4.185 4.146 4.077 4.077 4.04 3.972 3.994 4.043 4.049 4.112 4.225 4.307 4.275 4.265 4.246 4.202 4.114 4.09 4.098 4.18 4.244 4.24 4.137 4.006 4.095 4.081 4.041 4.069 4.037 4.047 4.025 4.012 3.963 3.748 3.711
2.754 3.052 3.334 3.457 3.617 3.596 3.512 3.398 3.336 3.327 3.556 3.672 3.746 3.804 3.793 3.779 3.84 3.916 3.815 3.742 3.669 3.17 2.291 2.002 2.621 3.094 3.261 3.345 3.438 3.488 3.625 3.77 3.799 3.817 3.886 3.929 3.96 4.078 4.142 4.148 4.13 4.079 4.025 4.022 4.147 4.146 4.042 4.08 4.15 4.035 4.179 4.288 4.397 4.296 4.211 4.166 4.133 4.153 4.233 4.216 4.209 4.093 4.085 4.046 4.031 4.001 4.03 4.059 4.018 4.017 3.981 3.986 3.914 3.513 3.333
2.974 3.096 3.323 3.519 3.655 3.6 3.536 3.538 3.355 3.417 3.485 3.551 3.751 3.824 3.891 3.879 3.846 3.831 3.765 3.63 3.651 3.511 3.146 1.233 1.162 2.255 2.987 3.265 3.412 3.524 3.675 3.731 3.759 3.921 3.909 3.933 4.154 4.117 4.158 4.173 4.113 4.077 4.11 4.124 4.195 4.16 4.112 4.039 4.132 4.134 4.211 4.154 4.223 4.299 4.187 4.114 4.126 4.199 4.245 4.178 4.219 4.173 4.133 4.174 4.11 4.133 3.93 3.985 4.017 4.043 4.052 3.98 3.763 3.27 3.325
2.781 3.151 3.439 3.625 3.659 3.718 3.704 3.701 3.604 3.609 3.485 3.55 3.709 3.758 3.888 3.955 3.825 3.771 3.774 3.714 3.715 3.613 2.968 0.954 0.187 1.046 2.42 3.187 3.449 3.541 3.623 3.696 3.845 3.883 3.953 3.925 4.072 4.123 4.17 4.179 4.093 4.11 4.119 4.105 4.147 4.181 4.151 4.14 4.115 4.07 4.149 4.092 4.089 4.178 4.202 4.199 4.214 4.229 4.144 4.25 4.363 4.196 4.175 4.186 4.159 4.119 4.11 4.05 4.052 4.033 3.936 3.812 3.337 3.58 3.579
3.036 3.274 3.526 3.716 3.769 3.811 3.804 3.774 3.756 3.816 3.832 3.557 3.67 3.766 3.869 3.861 3.806 3.8 3.827 3.822 3.707 3.568 3.438 1.725 0.635 1.048 2.293 3.209 3.443 3.641 3.742 3.8 3.796 3.836 4.043 3.99 3.975 4.018 4.049 4.039 4.05 4.13 4.073 4.101 4.024 4.094 4.095 4.112 4.147 4.176 4.226 4.223 4.172 4.175 4.227 4.25 4.273 4.279 4.222 4.349 4.342 4.261 4.224 4.196 4.17 4.182 4.118 4.041 4.033 4.046 3.784 3.294 3.032 3.619 3.824
3.271 3.519 3.585 3.715 3.8 3.795 3.676 3.745 3.83 3.886 3.912 3.826 3.77 3.954 4.005 3.927 3.875 3.829 3.853 3.75 3.782 3.588 3.067 1.889 0.885 0.537 2.23 3.479 3.685 3.771 3.85 3.894 3.927 4.011 4.055 3.999 4.013 4.011 4.018 4.032 4.04 4.104 4.107 4.118 4.123 4.117 4.063 4.1 4.114 4.121 4.136 4.18 4.131 4.135 4.141 4.17 4.211 4.261 4.242 4.285 4.146 4.078 4.118 4.138 4.137 4.147 4.062 3.989 3.973 3.95 3.713 3.431 3.657 3.747 3.866
3.461 3.668 3.83 3.844 3.807 3.74 3.648 3.889 3.949 3.923 3.923 3.947 3.965 4.026 3.994 3.906 3.852 3.877 3.871 3.835 3.729 3.673 3.292 2.694 2.2 1.567 1.566 2.965 3.701 3.764 3.839 3.907 3.945 4.033 4.044 4.034 4.012 3.964 4.021 4.066 4.108 4.131 4.133 4.119 4.11 4.137 4.138 4.119 4.105 4.126 4.215 4.152 4.139 4.251 4.24 4.16 4.181 4.159 4.05 4.119 4.04 4.108 4.16 4.148 4.013 4.044 4.029 4.031 4.027 3.89 3.746 3.689 3.811 3.845 3.818
