sandwich_town_neck.asc
ncols         753
nrows         465
xllcorner     -70.4830910123
yllcorner     41.7628803799
cellsize      0.0000105235594674
nodata_value  -9999.0
[rows 279 to 309 of 465, columns 355 to 425 of 753]
10.047 9.935 9.337 9.462 9.511 9.521 9.705 9.692 9.402 9.22 9.044 8.99 8.808 9.03 9.088 9.058 9.049 9.076 9.179 9.04 8.931 8.816 8.544 8.476 8.459 8.471 8.459 8.445 8.518 8.638 8.848 9.285 9.679 10.242 11.096 11.333 11.225 10.945 11.212 11.481 11.783 11.596 12.169 12.392 12.857 13.181 12.354 11.336 10.852 10.797 10.896 10.726 10.479 10.022 10.263 10.29 10.319 10.299 10.25 9.965 10.131 10.283 10.282 10.154 10.074 10.088 10.064 10.146 10.012 10.138 10.121
10.172 9.778 9.749 9.485 9.589 9.816 9.608 9.683 9.45 9.041 8.999 9.029 9.105 8.963 8.929 9.176 9.006 9.003 8.863 8.788 8.616 8.512 8.517 8.433 8.421 8.406 8.439 8.532 8.543 8.762 9.112 9.52 9.722 11.008 11.581 11.585 11.156 10.945 10.792 10.736 10.802 11.086 11.643 10.745 11.901 12.687 11.857 11.742 10.709 10.495 10.41 10.362 10.361 10.476 10.318 10.179 10.17 10.341 10.154 10.027 9.915 10.231 10.311 10.052 10.057 9.943 9.898 9.783 9.889 9.725 9.911
10.21 10.086 10.004 10.126 9.808 9.683 9.452 9.193 9.06 8.953 8.822 8.97 9.014 9.052 9.157 9.121 9.194 8.966 8.805 8.715 8.499 8.306 8.329 8.264 8.349 8.42 8.461 8.571 8.691 8.949 9.298 9.722 11.576 11.843 11.983 11.696 10.794 10.736 10.568 10.436 10.367 10.265 10.032 10.346 10.997 10.888 10.492 10.703 10.54 10.263 10.113 10.189 10.345 10.327 10.443 10.327 10.297 10.166 10.054 10.037 10.099 10.225 9.988 9.934 9.838 9.802 9.683 9.787 9.811 9.786 9.824
10.362 10.39 10.163 10.253 10.249 9.494 9.166 9.052 9.074 8.838 8.67 8.865 8.83 9.186 9.182 9.167 9.111 8.837 8.809 8.419 8.284 8.288 8.258 8.207 8.289 8.478 8.613 8.618 8.797 8.932 9.35 10.151 11.993 12.235 12.136 11.571 10.797 10.652 10.338 10.388 10.276 10.068 10.127 10.171 10.293 10.4 10.333 10.397 10.395 10.449 10.154 10.22 10.221 10.219 10.191 9.984 10.188 9.868 9.872 10.15 10.244 9.927 9.829 9.738 9.666 9.7 9.727 9.702 9.644 9.659 9.643
10.63 10.236 9.54 10.043 9.715 9.4 9.135 8.873 8.892 8.9 8.831 8.909 9.064 9.132 9.208 9.063 8.898 8.788 8.509 8.242 8.252 8.183 8.098 8.398 8.426 8.498 8.591 8.594 8.769 9.138 10.456 12.127 12.28 12.094 11.928 11.655 11.237 10.664 10.284 10.281 10.003 9.999 10.043 10.164 10.102 10.229 10.267 10.229 10.281 10.2 10.048 10.107 10.073 10.152 9.984 9.968 10 9.922 9.988 9.976 9.923 9.799 9.522 9.534 9.57 9.633 9.537 9.572 9.578 9.673 9.674
9.816 9.568 9.471 9.437 9.344 9.336 8.931 8.865 8.668 8.84 8.868 8.77 8.91 9.07 9.162 9.086 8.87 8.633 8.403 8.118 8.08 8.114 8.251 8.349 8.599 8.493 8.548 8.785 9.185 9.728 11.062 12.278 12.308 12.339 12.299 11.919 11.336 10.132 10.043 9.771 9.754 9.867 9.722 9.717 9.914 10.245 9.934 9.781 9.983 10.173 10.03 10.149 10.131 9.92 10.016 9.997 10.021 9.795 9.76 9.811 9.948 9.428 9.478 9.422 9.489 9.57 9.636 9.652 9.673 9.785 9.791
9.267 9.245 9.147 9.11 9.022 8.971 8.914 8.682 8.665 8.828 8.853 8.972 8.966 9.098 9.288 9.058 8.89 8.358 8.23 8.131 8.01 8.196 8.289 8.365 8.412 8.298 8.39 8.773 9.23 10.095 12.179 12.502 12.504 12.602 12.203 11.435 10.596 10.129 9.791 9 9.075 9.043 8.789 9.016 9.358 9.421 9.64 9.671 9.916 9.888 9.958 9.962 10.019 9.94 9.852 9.827 9.76 9.806 9.88 9.88 9.705 9.536 9.575 9.573 9.613 9.643 9.669 9.717 9.83 10.051 9.925
8.731 8.766 8.849 8.855 9.005 8.96 9.119 9.057 9.017 8.97 8.87 8.928 8.902 8.881 9.001 9.19 8.779 8.051 7.997 7.949 8.126 8.251 8.315 8.203 8.164 8.177 8.509 9.342 9.92 11.165 12.487 12.587 12.751 12.535 12.138 11.221 9.757 8.832 8.92 8.395 8.612 8.652 8.594 8.558 8.851 9.245 9.215 9.084 9.415 9.644 9.844 9.773 9.71 9.772 9.756 9.552 9.724 9.711 9.874 9.789 10.248 10.055 9.802 9.624 9.761 9.792 9.72 9.952 9.994 10.232 10.309
8.473 8.553 8.695 8.839 8.969 9.136 9.166 9.075 9.018 8.925 8.825 8.862 8.76 8.714 8.839 8.807 8.514 8.074 7.979 7.998 8.088 8.22 8.048 8.09 8.039 8.367 8.817 9.345 10.262 12.373 12.753 12.884 12.825 11.109 9.157 8.848 8.48 8.071 8.31 8.494 8.402 8.474 8.442 8.487 8.579 8.644 9.027 8.839 9.377 9.638 9.469 9.515 9.624 9.49 9.755 9.848 9.797 9.747 9.508 9.952 10.143 10.075 9.906 9.784 9.868 10.02 9.949 10.252 10.402 10.677 10.885
8.45 8.548 8.654 8.692 8.704 9.036 9.237 8.948 8.947 8.855 8.814 8.754 8.4 8.42 8.642 8.344 8.522 7.942 7.838 7.945 8.053 8.195 8.078 7.949 8.079 8.359 8.782 10.289 12.454 12.914 13.072 11.936 10.584 9.882 8.322 8.218 8.115 8.289 8.373 8.493 8.322 8.146 8.18 8.233 8.225 8.334 8.36 9.222 9.832 9.748 9.812 9.86 9.934 10.044 10.023 9.916 9.908 9.808 9.833 9.748 9.845 10.037 9.952 9.853 10.071 10.151 10.172 11.189 11.054 11.252 11.424
8.329 8.375 8.714 8.775 8.677 8.651 8.783 8.802 8.867 8.695 8.59 8.534 8.289 8.251 8.179 8.036 7.816 7.832 7.858 7.882 7.983 7.989 8.003 8.191 8.384 9.085 9.783 10.773 12.203 13.064 12.389 11.38 9.604 8.539 8.222 7.926 8.337 8.504 8.398 8.312 8.202 8.14 8.051 8.104 8.433 8.897 9.393 9.905 10.089 10.175 10.349 10.16 10.054 10.167 10.162 10.106 9.917 9.899 9.868 9.866 9.895 10.086 10.196 10.203 10.951 12.038 11.69 11.416 11.621 12.117 11.912
8.156 8.359 8.556 8.497 8.518 8.461 8.4 8.41 8.435 8.537 8.397 8.111 7.972 7.896 7.957 7.735 7.703 7.739 7.843 7.878 7.827 8.14 8.178 8.283 8.541 9.203 9.724 11.082 12.42 12.191 12.522 11.051 8.119 7.521 7.667 7.852 7.901 8.096 8.218 8.065 8.083 8.237 8.435 8.524 8.881 9.516 10.091 10.785 10.469 10.59 10.432 10.477 10.529 10.537 10.4 10.134 9.894 9.834 9.668 9.691 9.823 10.197 10.942 11.469 11.922 12.138 11.917 11.986 11.982 11.964 11.494
7.97 8.172 8.241 8.495 8.297 8.284 8.23 7.952 8.196 8.068 8.06 7.785 7.903 7.848 7.788 7.605 7.579 7.846 7.816 7.747 7.943 8.122 8.174 8.268 9.159 9.586 10.623 11.158 11.587 11.544 11.114 9.01 7.603 7.578 7.639 7.793 7.884 7.962 8.054 8.112 8.16 8.279 8.641 8.991 9.669 10.456 11.016 11.477 10.753 10.925 11.114 10.642 10.705 10.853 10.948 10.51 10.04 9.637 9.54 9.645 9.812 10.224 10.675 11.462 11.612 11.724 11.668 11.687 11.631 11.356 11.152
7.717 7.791 7.674 7.97 8.045 7.936 8.046 7.817 7.665 7.73 7.819 7.652 7.745 7.767 7.709 7.685 7.702 7.748 7.769 7.891 8.051 8.265 8.603 8.824 9.651 10.125 10.086 10.251 10.843 10.618 10.841 7.548 7.309 7.422 7.711 7.767 8.006 8.015 8.04 8.004 8.181 8.374 9.05 10.154 10.643 11.474 12.129 12.767 11.877 11.694 11.524 11.41 11.496 11.344 11.144 10.833 10.357 9.64 9.245 9.435 10.01 10.212 10.404 11.101 11.365 11.467 11.227 11.021 11.018 10.874 10.603
7.338 7.687 7.469 7.683 7.454 7.601 7.69 7.608 7.593 7.591 7.514 7.597 7.715 7.69 7.641 7.544 7.613 7.697 7.762 7.865 8.024 8.401 8.867 9.533 10.062 9.853 9.782 9.731 9.778 9.555 8.717 7.486 7.242 7.405 7.595 7.672 7.784 7.89 8.106 8.252 8.149 8.287 8.785 9.523 11.289 11.797 12.162 12.524 12.598 12.335 11.608 11.582 11.248 11.186 11.527 11.495 10.845 9.772 9.34 9.324 9.734 10.061 10.238 10.431 10.74 10.759 10.777 10.621 10.485 10.049 9.616
7.396 7.243 7.277 7.419 7.224 7.246 7.363 7.464 7.484 7.418 7.531 7.588 7.708 7.658 7.542 7.478 7.507 7.572 7.714 8.009 8.129 9.679 10.102 10.196 10.064 9.842 9.318 9.303 9.074 8.83 9.004 7.485 7.223 7.226 7.595 7.808 7.943 8.355 8.379 8.294 8.342 9.54 10.212 10.923 11.07 11.457 11.887 12.203 12.236 11.608 11.591 10.846 10.739 10.746 10.841 10.657 10.25 9.446 9.226 9.232 9.665 9.671 9.891 9.973 10.076 10.232 10.426 10.095 9.9 9.681 9.688
7.023 7.123 7.268 7.239 7.069 7.384 7.258 7.38 7.586 7.514 7.55 7.483 7.625 7.601 7.39 7.511 7.505 7.657 8.034 8.487 8.923 9.501 9.938 9.816 9.679 9.521 9.236 9.15 8.934 8.641 8.408 7.997 7.212 6.844 7.663 7.845 8.094 8.227 8.358 8.54 9.01 9.511 10.121 10.613 10.844 11.267 11.245 11.47 11.788 10.749 11.063 10.586 10.368 10.382 10.01 9.991 9.721 9.34 9.245 9.339 9.598 9.579 9.617 9.781 9.593 9.689 9.748 9.878 9.621 9.361 9.148
7.007 7.071 7.186 7.15 7.298 7.284 7.367 7.287 7.459 7.562 7.421 7.619 7.498 7.382 7.403 7.411 7.44 7.651 8.027 8.302 9.106 9.766 9.948 9.782 9.646 9.514 9.237 9.045 8.898 8.489 8.276 7.175 6.645 6.822 7.473 7.844 8.188 8.379 8.322 8.39 8.847 9.726 10.19 10.431 10.47 10.717 10.34 10.653 10.909 10.672 10.401 9.968 9.956 9.948 9.689 9.582 9.443 9.257 9.068 9.202 9.514 9.6 9.509 9.567 9.558 9.571 9.508 9.487 9.34 9.148 9.086
7.005 6.899 7.129 7.166 7.257 7.357 7.313 7.299 7.371 7.434 7.377 7.406 7.523 7.385 7.348 7.453 7.52 7.986 8.766 9.31 9.59 9.542 9.602 9.731 9.529 9.357 9.274 8.971 8.563 8.386 7.024 6.61 6.663 6.991 7.566 7.915 8.205 8.372 8.271 8.355 8.734 9.503 9.837 9.894 9.749 9.949 10.01 10.326 10.093 9.984 9.735 9.719 9.605 9.214 9.446 9.316 9.07 9.051 9.178 9.34 9.521 9.605 9.601 9.554 9.569 9.467 9.377 9.255 9.24 9.154 9.147
7.037 7.04 7.115 7.354 7.226 7.313 7.329 7.403 7.286 7.279 7.28 7.394 7.246 7.352 7.368 7.349 7.544 8.123 8.866 9.359 9.663 9.455 9.661 9.754 9.644 9.378 8.967 8.937 8.022 7.72 6.93 6.369 6.39 6.855 7.729 8.009 8.04 8.03 8.185 8.304 8.556 9.077 9.378 9.406 9.63 9.813 9.761 9.339 9.553 9.647 9.372 9.065 9.168 9.081 9.112 8.926 8.969 9.035 9.222 9.477 9.576 9.697 9.644 9.567 9.446 9.379 9.195 9.167 9.212 9.198 9.207
7.062 7.083 7.009 7.199 7.276 7.341 7.389 7.313 7.269 7.245 7.274 7.2 7.209 7.194 7.167 7.404 7.648 7.819 8.313 8.743 8.932 9.139 9.515 8.762 8.761 8.567 8.468 8.485 7.44 6.426 6.334 6.386 6.496 7.117 7.562 7.772 7.893 7.926 7.949 7.962 8.224 8.556 8.878 9.132 9.324 9.465 9.072 8.986 8.884 8.941 9.015 8.712 8.918 8.746 8.512 8.582 8.755 9.093 9.568 9.731 9.843 9.725 9.673 9.5 9.236 9.158 9.06 9.209 9.295 9.21 9.101
6.94 7.043 7.139 7.149 7.3 7.31 7.339 7.234 7.179 7.208 7.148 7.142 7.083 7.079 7.168 7.344 7.604 7.7 8 8.29 8.518 8.243 8.262 8.039 8.014 7.783 7.401 7.005 6.431 6.14 6.11 6.326 6.859 7.493 7.633 7.735 7.8 7.89 7.987 7.85 8.15 8.401 8.329 8.846 9.003 8.856 8.489 8.477 8.396 8.69 8.51 8.607 8.411 8.381 8.565 8.626 8.879 9.279 9.697 9.928 9.895 9.944 9.883 9.721 9.345 8.972 9.123 9.086 9.031 8.85 8.818
6.755 6.977 7.107 7.264 7.336 7.184 7.173 7.124 7.08 7.058 7.092 7.018 7.04 7.063 7.053 7.382 7.615 7.693 7.653 7.636 7.587 7.831 7.754 7.577 7.258 7.112 6.644 6.161 5.888 5.865 5.988 6.272 6.783 7.39 7.681 7.659 7.855 7.658 7.664 7.82 7.879 8.109 8.095 8.257 8.236 8.153 8.458 8.343 8.265 8.399 8.467 8.436 8.426 8.488 8.529 8.946 9.038 9.327 9.503 9.692 9.875 10.17 10.083 9.72 9.344 9.146 8.961 8.969 8.834 8.756 8.687
6.707 6.692 7.05 7.047 7.223 6.966 6.964 7.038 6.949 6.955 6.977 6.966 6.955 7.041 7.139 7.325 7.282 7.348 7.426 7.431 7.373 7.201 7.125 6.973 6.915 6.649 6.198 6.067 5.937 5.778 5.954 6.149 6.679 7.143 7.389 7.644 7.848 7.641 7.492 7.611 7.741 7.884 7.989 7.795 7.99 8.001 8.207 8.166 8.191 8.235 8.347 8.271 8.307 8.53 8.764 8.899 9.106 9.255 9.305 9.522 9.81 10.037 10.303 9.894 9.422 9.126 8.725 8.598 8.685 8.626 8.504
6.559 6.706 6.8 6.847 6.877 6.849 6.88 6.857 6.73 6.872 6.91 6.915 6.735 7.05 7.168 7.083 7.2 7.085 7.079 7.06 7.007 6.904 7.04 6.752 6.644 6.377 6.198 5.927 5.715 5.665 5.832 6.138 6.567 6.997 7.161 7.334 7.642 7.55 7.6 7.531 7.588 7.545 7.767 7.951 8.115 7.951 7.924 8.008 8.061 8.2 8.109 8.22 8.277 8.265 8.616 8.603 8.765 8.849 9.133 9.505 9.793 10.012 10.225 9.796 9.514 9.295 8.875 8.667 8.562 8.588 8.557
6.558 6.611 6.619 6.827 6.631 6.704 6.734 6.747 6.794 6.77 6.722 6.769 6.874 6.882 7.034 6.968 6.992 6.943 6.94 6.914 6.612 6.809 6.542 6.515 6.547 6.251 5.937 5.745 5.593 5.482 5.674 5.968 6.29 6.167 6.699 6.985 7.332 7.291 7.426 7.486 7.684 7.596 7.635 7.877 7.927 7.724 7.645 7.816 7.986 8.135 8.22 8.195 8.191 8.239 8.289 8.439 8.58 8.934 9.59 9.791 9.718 9.356 9.508 9.49 9.473 9.224 8.942 8.532 8.479 8.581 8.49
6.382 6.331 6.536 6.492 6.401 6.63 6.668 6.538 6.614 6.67 6.695 6.658 6.678 6.71 6.835 6.726 6.809 6.78 6.632 6.646 6.552 6.487 6.352 6.138 6.214 6.038 5.935 5.68 5.395 5.456 5.616 5.659 5.784 5.853 6.192 6.406 6.634 6.907 7.11 7.355 7.493 7.444 7.578 7.634 7.653 7.668 7.699 7.617 7.875 8.031 8.051 8.089 8.035 8.125 8.117 8.223 8.567 8.901 9.791 9.872 9.841 9.88 9.621 9.478 9.297 9.299 9.045 8.788 8.549 8.584 8.441
6.109 6.344 6.389 6.457 6.425 6.398 6.523 6.675 6.636 6.547 6.49 6.52 6.51 6.49 6.637 6.619 6.647 6.514 6.618 6.404 6.179 6.249 6.104 5.94 5.901 5.805 5.706 5.419 5.433 5.468 5.35 5.41 5.468 5.476 5.831 6.104 6.34 6.536 6.822 7.191 7.206 7.361 7.493 7.622 7.619 7.572 7.57 7.649 7.667 7.997 7.913 7.915 7.989 8.113 8.15 8.272 8.835 9.351 9.774 10.018 10.155 9.902 9.757 9.396 9.437 9.333 9.267 8.829 8.674 8.537 8.454
6.335 6.298 6.296 6.505 6.371 6.493 6.466 6.517 6.429 6.515 6.403 6.407 6.573 6.487 6.455 6.479 6.483 6.383 6.236 6.15 6.156 6.033 5.923 5.744 5.728 5.637 5.481 5.419 5.36 5.306 5.273 5.21 5.268 5.411 5.555 5.731 6.12 6.244 6.539 6.747 6.871 7.237 7.285 7.382 7.417 7.395 7.465 7.56 7.571 7.768 7.875 7.86 7.864 7.747 8.13 8.421 8.769 9.548 10.031 10.218 10.231 10.177 10.021 10.093 9.621 9.461 9.268 8.981 8.954 8.569 8.446
6.217 6.194 6.282 6.262 6.326 6.265 6.446 6.409 6.404 6.393 6.42 6.361 6.326 6.474 6.336 6.142 6.234 6.21 6.072 6.061 5.907 5.804 5.833 5.648 5.446 5.389 5.253 5.302 5.241 5.149 5.099 5.089 5.065 5.222 5.151 5.251 5.619 5.721 6.03 6.358 6.561 6.811 6.981 7.281 7.278 7.337 7.445 7.396 7.431 7.676 7.548 7.465 7.716 7.776 8.247 9.093 9.375 9.957 10.081 10.18 10.197 10.405 10.24 10.147 9.721 9.707 9.456 9.15 9.028 9.01 8.487
5.896 5.941 6.056 6.261 6.185 6.286 6.428 6.481 6.322 6.294 6.349 6.266 6.23 6.29 6.14 6.159 6.16 6.01 5.944 5.88 5.776 5.706 5.456 5.409 5.163 5.249 5.184 5.173 5.161 5.143 5.114 4.843 4.964 4.862 4.922 5.148 5.318 5.276 5.529 5.937 6.127 6.363 6.663 6.942 7.075 7.297 7.252 7.304 7.158 7.28 7.252 7.458 7.63 8.078 8.676 9.873 10.143 9.829 9.622 9.825 10.115 10.342 10.536 10.558 10.2 9.96 9.732 9.478 9.266 8.836 8.899
