sandwich_zoom.asc
ncols         351
nrows         317
xllcorner     -70.4822839647
yllcorner     41.7640578600
cellsize      0.00001052677907865
nodata_value  -9999.0
[rows 132 to 164 of 317, columns 0 to 74 of 351]
7.942 7.838 7.633 7.356 7.293 7.316 7.396 7.344 7.442 8.073 8.294 8.294 8.334 8.406 8.393 8.38 8.355 8.495 8.562 8.507 8.735 8.817 9.003 9.154 9.39 9.347 9.38 9.364 9.291 9.306 9.381 9.304 9.401 9.366 9.21 9.158 9.267 9.391 9.43 9.721 9.936 10.168 9.912 9.826 9.788 9.656 9.738 9.695 9.875 9.973 10.096 10.408 10.405 10.585 10.819 10.928 11.068 10.941 10.87 10.649 10.54 10.481 10.345 10.436 10.362 10.382 10.434 10.296 10.409 10.664 10.805 11.026 11.219 11.308 11.408
8.027 7.852 7.777 7.568 7.358 7.268 7.303 7.299 7.356 7.547 7.681 8.116 8.316 8.33 8.345 8.31 8.408 8.476 8.429 8.568 8.687 8.743 9.038 9.34 9.45 9.605 9.528 9.526 9.48 9.415 9.526 9.512 9.355 9.25 9.237 9.238 9.365 9.308 9.601 9.51 9.442 9.545 9.34 9.358 9.296 9.184 9.176 9.418 9.607 9.566 9.855 10.12 10.103 10.222 10.216 10.357 10.544 10.646 10.487 9.992 9.977 9.936 9.996 10.067 10.047 10.048 10.219 10.264 10.346 10.458 10.709 10.939 11.082 11.257 11.266
8.135 7.987 7.999 7.874 7.8 7.412 7.405 7.23 7.26 7.261 7.325 7.399 8.012 8.276 8.36 8.327 8.385 8.585 8.541 8.503 8.61 8.818 9.086 9.201 9.34 9.497 9.536 9.405 9.395 9.382 9.349 9.309 9.229 9.179 9.01 9.19 9.175 9.112 9.031 8.937 8.826 9.006 8.803 8.977 9.041 9.058 9.159 9.252 9.383 9.442 9.711 9.913 9.876 9.786 9.977 10.188 10.199 10.033 9.858 9.727 9.704 9.779 9.799 9.72 9.767 9.902 10.056 10.173 10.281 10.416 10.479 10.705 10.819 10.618 10.48
8.19 8.066 8.11 8.095 8.019 7.887 7.917 7.499 7.307 7.316 7.273 7.249 7.545 7.839 8.156 8.285 8.428 8.584 8.568 8.599 8.785 8.88 9.027 9.175 9.339 9.326 9.268 9.364 9.405 9.249 9.198 9.224 9.133 8.918 8.887 9.058 9.005 8.816 8.812 8.66 8.558 8.622 8.667 8.782 8.933 9.005 9.11 9.107 9.222 9.229 9.358 9.505 9.572 9.544 9.537 9.698 9.787 9.727 9.635 9.566 9.583 9.599 9.541 9.623 9.726 9.777 10.017 10.121 10.242 10.283 10.279 10.308 10.375 10.182 10.142
8.3 8.27 8.309 8.372 8.275 8.024 8.015 7.834 7.358 7.298 7.337 7.45 7.415 7.523 7.496 7.706 8.194 8.432 8.525 8.66 8.821 8.909 9.039 9.163 9.25 9.379 9.378 9.285 9.138 9.005 9.052 9.032 8.96 8.777 8.772 8.88 8.849 8.62 8.494 8.527 8.481 8.416 8.645 8.788 8.792 8.93 8.986 8.923 8.973 9.114 9.211 9.26 9.207 9.254 9.346 9.401 9.517 9.427 9.352 9.352 9.468 9.537 9.584 9.563 9.675 9.827 9.929 10.08 10.012 9.934 9.991 10.043 10.168 10.219 10.387
8.348 8.352 8.29 8.33 8.426 8.316 8.276 8.117 7.901 7.868 7.576 7.439 7.337 7.364 7.386 7.51 7.698 7.911 8.13 8.609 8.904 8.807 8.993 9.16 9.29 9.292 9.175 9.083 9.041 8.916 8.884 8.946 8.898 8.868 8.861 8.858 8.838 8.612 8.5 8.481 8.424 8.46 8.541 8.514 8.694 8.854 8.902 8.949 8.91 8.974 9.086 9.172 9.171 9.168 9.172 9.185 9.208 9.286 9.244 9.365 9.397 9.485 9.608 9.686 9.584 9.587 9.763 9.849 9.749 9.828 9.947 10.148 10.492 10.63 10.79
8.316 8.331 8.281 8.306 8.365 8.433 8.522 8.447 8.214 8.055 7.943 7.797 7.537 7.522 7.479 7.367 7.321 7.472 7.619 8.092 8.624 8.646 8.79 9.083 9.119 9.273 9.254 9.093 8.985 8.975 8.958 8.872 8.807 8.835 8.798 8.7 8.73 8.612 8.534 8.504 8.505 8.632 8.714 8.741 8.725 8.83 8.903 8.925 8.898 9.018 9.027 9.104 9.136 9.089 9.022 9.09 9.188 9.132 9.186 9.263 9.285 9.346 9.513 9.474 9.411 9.397 9.496 9.726 9.921 10.22 10.286 10.34 10.658 10.76 10.824
7.958 8.031 8.139 8.229 8.286 8.398 8.464 8.402 8.41 8.439 8.297 8.094 7.785 7.915 7.693 7.544 7.587 7.547 7.594 7.662 7.966 7.997 8.136 8.426 8.762 8.895 8.769 8.823 8.761 8.835 8.88 8.751 8.722 8.733 8.697 8.64 8.566 8.708 8.69 8.692 8.784 8.828 8.797 8.857 8.818 8.861 8.92 8.995 8.939 9.046 9.08 9.184 9.14 9.035 9.09 9.086 9.075 9.167 9.119 9.053 9.078 9.138 9.117 9.218 9.462 9.571 9.793 9.96 10.168 10.339 10.35 10.35 10.438 10.6 10.782
7.743 7.881 7.925 8.08 8.344 8.475 8.51 8.494 8.551 8.651 8.535 8.557 8.414 8.191 8.04 7.878 7.851 7.731 7.676 7.71 7.74 7.784 7.686 7.701 7.863 7.648 7.477 7.791 8.059 8.237 8.266 8.214 8.537 8.487 8.438 8.368 8.534 8.619 8.455 8.43 8.488 8.591 8.748 8.69 8.649 8.658 8.715 8.923 8.987 8.96 9.098 9.091 9.094 9.125 9.131 9.027 8.939 8.982 9.006 8.977 9.063 9.272 9.425 9.425 9.676 9.873 9.949 10.115 10.24 10.261 10.283 10.324 10.501 10.761 10.754
6.49 6.972 7.514 8.012 8.097 8.156 8.433 8.559 8.487 8.552 8.795 8.969 8.959 8.578 8.316 8.404 8.446 8.26 8.098 7.791 7.688 7.752 7.676 7.634 7.641 7.549 7.517 7.43 7.534 7.533 7.523 7.563 7.632 7.917 7.95 7.907 8.024 8.106 8.194 8.208 8.236 8.192 8.322 8.45 8.466 8.463 8.484 8.579 8.606 8.523 8.682 8.699 8.828 8.873 8.782 8.864 8.894 8.917 8.905 8.997 9.357 9.522 9.376 9.35 9.507 9.819 10.056 9.986 9.966 10.166 10.259 10.315 10.512 10.658 10.668
6.154 6.165 6.713 7.303 7.382 7.381 7.944 7.961 7.981 8.291 8.755 8.533 8.808 8.701 8.432 8.289 9.082 8.998 8.625 8.213 7.863 7.828 7.681 7.578 7.476 7.351 7.43 7.384 7.442 7.5 7.639 7.807 7.796 7.905 7.964 7.951 8.087 8.13 8.161 8.22 8.196 8.188 8.289 8.419 8.449 8.474 8.571 8.581 8.65 8.704 8.756 8.774 8.724 8.661 8.67 8.636 8.656 8.734 8.746 8.799 9.304 9.052 9.096 9.145 9.111 9.438 9.864 9.598 9.395 9.935 10.194 9.883 9.937 10.122 10.203
5.294 5.594 6.111 6.053 6.565 6.593 6.793 7.235 7.391 7.484 7.657 7.883 8.07 7.855 8.18 8.383 8.597 8.792 8.875 8.722 8.422 8.064 7.774 7.498 7.343 7.399 7.406 7.131 7.309 7.523 7.72 7.773 7.821 7.909 8.093 8.123 8.17 7.991 8.05 8.242 8.287 8.235 8.416 8.472 8.389 8.432 8.581 8.72 8.789 8.803 8.708 8.708 8.701 8.719 8.662 8.692 8.754 8.772 8.796 8.832 8.906 8.813 8.937 9.049 9.199 9.322 9.366 9.42 9.546 9.554 9.54 9.594 9.662 9.92 9.978
4.895 5.086 5.464 5.319 5.664 6.162 6.294 6.608 6.835 7.002 7.138 7.101 7.2 7.286 7.641 7.891 8.136 8.398 8.593 8.656 8.542 8.254 8.033 7.84 7.486 7.484 7.545 7.587 7.737 7.928 7.976 8 8.039 8.168 8.487 8.639 8.663 8.535 8.54 8.468 8.454 8.568 8.82 8.833 8.664 8.615 8.811 8.918 8.905 8.992 8.749 8.875 8.83 8.803 8.762 8.807 8.777 8.699 8.847 8.833 8.882 8.975 8.979 8.986 9.047 9.276 9.348 9.384 9.44 9.51 9.525 9.7 9.897 9.917 9.924
4.633 4.793 4.906 5.115 5.366 5.705 5.796 6.051 6.312 6.6 6.689 6.641 6.884 7.035 7.166 7.363 7.895 8.246 8.421 8.636 8.805 8.842 8.684 8.398 7.743 7.499 7.56 7.645 7.677 7.955 8.278 8.207 8.201 8.35 8.395 8.407 8.624 8.661 8.592 8.543 8.578 8.706 8.839 8.699 8.661 8.745 8.684 8.866 8.932 8.984 8.933 8.881 9.034 8.955 8.873 8.805 8.712 8.694 8.811 8.872 9.054 9.259 9.158 9.216 9.216 9.246 9.315 9.264 9.294 9.423 9.433 9.51 9.55 9.739 9.865
4.363 4.522 4.697 4.911 5.035 5.112 5.328 5.514 5.732 6.149 6.115 6.282 6.475 6.634 6.857 7.008 7.368 7.945 8.291 8.533 8.644 8.79 8.83 8.856 8.018 7.562 7.464 7.435 7.481 7.714 7.971 7.982 8.114 8.142 8.218 8.393 8.476 8.518 8.385 8.46 8.409 8.407 8.511 8.443 8.501 8.498 8.526 8.66 8.68 8.835 8.748 8.728 8.73 8.712 8.675 8.547 8.605 8.594 8.628 8.752 8.99 9.071 9.08 9.122 9.127 9.3 9.289 9.34 9.375 9.425 9.55 9.596 9.625 9.807 9.775
4.268 4.34 4.246 4.532 4.701 4.748 4.939 5.046 5.228 5.604 5.832 6.127 6.182 6.372 6.583 6.838 7.287 7.647 8.002 8.483 8.567 8.651 8.557 8.671 8.682 8.154 7.597 7.5 7.486 7.519 7.729 7.849 8.005 8.272 8.433 8.503 8.403 8.335 8.305 8.211 8.167 8.153 8.353 8.444 8.421 8.303 8.387 8.565 8.555 8.523 8.611 8.664 8.546 8.49 8.466 8.527 8.587 8.677 8.722 8.814 8.942 9.054 9.087 9.058 8.979 9.026 8.974 9.033 9.252 9.228 9.408 9.509 9.57 9.653 9.527
4.039 4.157 4.222 4.266 4.34 4.497 4.747 4.863 5.081 5.313 5.555 5.785 5.851 5.921 6.289 6.558 7.048 7.638 8.1 8.454 8.313 8.225 8.199 8.465 8.619 8.629 8.552 8.085 7.643 7.46 7.36 7.574 7.902 8.261 8.549 8.805 8.632 8.377 8.223 8.07 8.094 8.214 8.247 8.292 8.299 8.247 8.415 8.592 8.573 8.493 8.535 8.54 8.525 8.502 8.463 8.488 8.724 8.849 8.703 8.778 8.891 8.86 8.945 8.844 8.893 8.871 8.849 8.86 8.914 8.996 9.28 9.371 9.451 9.483 9.581
3.814 3.894 3.998 4.126 4.172 4.228 4.501 4.588 4.738 4.907 5.104 5.35 5.475 5.724 6.048 6.522 6.868 7.464 8.125 8.226 7.938 7.929 8.063 8.091 8.155 8.306 8.438 8.258 8.028 7.683 7.338 7.459 7.558 8.113 8.492 8.707 8.445 8.288 8.164 8.092 8.056 8.12 8.199 8.187 8.248 8.215 8.227 8.306 8.448 8.513 8.462 8.523 8.528 8.684 8.699 8.804 8.966 8.862 8.586 8.703 8.752 8.788 8.776 8.773 8.794 8.612 8.744 8.811 8.744 8.963 9.074 9.222 9.354 9.486 9.502
3.717 3.771 3.879 4.061 4.105 4.163 4.218 4.337 4.566 4.812 4.915 5.011 5.272 5.57 5.683 5.96 6.559 7.197 7.788 7.872 7.643 7.683 7.817 7.771 7.794 7.788 7.955 8.034 7.823 7.56 7.323 7.185 7.238 7.381 7.75 8.06 8.159 7.992 8 8.05 8.024 8.023 8.089 8.175 8.244 8.171 8.266 8.334 8.445 8.461 8.334 8.476 8.656 8.824 8.933 9.093 9.07 8.746 8.546 8.508 8.538 8.502 8.56 8.661 8.655 8.601 8.642 8.662 8.857 9.052 9.006 9.141 9.285 9.416 9.572
3.637 3.718 3.72 3.919 3.943 4.079 4.201 4.181 4.271 4.34 4.605 4.817 4.96 5.165 5.316 5.66 6.188 6.553 7.031 7.29 7.421 7.423 7.439 7.484 7.579 7.336 7.402 7.54 7.51 7.423 7.364 7.354 7.355 7.31 7.433 7.835 7.954 7.967 8.019 8.045 8.055 8.021 8.079 8.017 8.17 8.179 8.224 8.208 8.215 8.269 8.43 8.527 8.623 8.942 9.008 8.977 8.845 8.572 8.281 8.316 8.228 8.338 8.507 8.585 8.539 8.516 8.587 8.524 8.636 8.726 8.833 9.111 9.292 9.489 9.694
3.525 3.557 3.598 3.752 3.883 3.967 4.051 4.12 4.203 4.251 4.257 4.304 4.514 4.782 5.068 5.162 5.609 6.198 6.51 6.844 7.202 7.124 7.036 7.216 7.125 7.243 7.321 7.501 7.626 7.605 7.471 7.445 7.45 7.263 7.374 7.51 7.68 7.822 7.977 8.025 8 8.026 8.065 8.081 8.125 8.223 8.214 8.306 8.406 8.466 8.56 8.653 8.828 9.036 9.026 8.92 8.658 8.46 8.288 8.324 8.424 8.315 8.242 8.342 8.402 8.439 8.516 8.625 8.539 8.57 8.882 9.121 9.296 9.426 9.808
3.34 3.387 3.472 3.59 3.699 3.764 3.784 3.882 4.116 4.102 4.091 4.261 4.266 4.52 4.839 5.008 5.33 5.411 6.044 6.517 6.783 6.956 6.921 6.917 7.064 7.373 7.772 8.047 8.028 7.84 7.726 7.609 7.597 7.543 7.421 7.412 7.419 7.49 7.676 7.873 8.07 8.098 8.122 8.17 8.144 8.095 8.171 8.279 8.349 8.488 8.673 8.796 8.811 8.908 9.014 8.94 8.615 8.41 8.303 8.261 8.323 8.282 8.25 8.082 8.204 8.277 8.301 8.399 8.461 8.536 8.769 9.048 9.464 9.735 9.893
3.322 3.319 3.359 3.455 3.51 3.581 3.656 3.681 3.843 3.844 4.051 4.254 4.249 4.292 4.496 4.77 4.784 4.936 5.278 5.424 5.749 6.194 6.713 7.06 7.136 7.221 7.658 8.224 8.253 8.123 8.165 8.086 7.937 7.822 7.745 7.765 7.581 7.468 7.505 7.639 7.779 7.93 8.086 8.088 8.02 8.059 8.246 8.564 8.676 8.653 8.741 8.806 8.902 8.935 8.964 8.983 8.693 8.493 8.4 8.366 8.243 8.274 8.205 8.111 8.154 8.213 8.268 8.33 8.416 8.49 8.726 9.074 9.362 9.611 9.79
3.298 3.3 3.357 3.361 3.386 3.454 3.546 3.46 3.55 3.649 3.912 3.985 4.138 4.243 4.207 4.474 4.594 4.531 4.758 5.057 5.402 5.678 6.07 6.772 6.967 7.179 7.636 7.774 8.042 8.245 8.195 8.138 8.142 8.178 8.081 7.788 7.642 7.618 7.53 7.453 7.572 7.772 7.86 7.937 7.967 8.138 8.369 8.688 8.812 8.788 8.754 8.689 8.754 8.932 8.981 8.974 8.775 8.537 8.401 8.369 8.273 8.246 8.213 8.025 8.037 8.07 8.073 8.245 8.37 8.48 8.535 8.843 9.236 9.626 9.794
3.205 3.232 3.219 3.301 3.409 3.383 3.363 3.407 3.458 3.488 3.732 3.781 3.926 4.157 4.159 4.227 4.299 4.521 4.792 4.86 4.972 5.07 5.37 6.247 6.297 6.507 7.012 7.095 7.418 7.807 7.896 8.071 8.208 8.179 8.151 8.075 8.019 8.063 7.961 7.735 7.496 7.53 7.701 7.814 7.916 8.168 8.411 8.525 8.646 8.681 8.69 8.722 8.629 8.644 8.841 8.886 8.836 8.7 8.522 8.469 8.521 8.461 8.522 8.245 8.104 8.001 7.928 8.044 8.3 8.416 8.603 8.94 9.049 9.366 9.619
3.165 3.204 3.204 3.263 3.283 3.278 3.338 3.301 3.393 3.421 3.5 3.564 3.674 3.877 4.077 4.252 4.301 4.347 4.369 4.434 4.694 4.953 5.119 5.507 5.777 5.853 6.124 6.354 7.011 7.478 7.754 7.934 7.986 8.064 8.056 8.107 8.113 8.224 8.157 7.943 7.686 7.664 7.651 7.622 7.736 7.898 8.188 8.397 8.591 8.628 8.709 8.799 8.822 8.774 8.852 8.892 8.838 8.672 8.675 8.751 8.71 8.7 8.631 8.375 8.167 7.909 7.87 8.026 8.155 8.299 8.568 8.871 9.216 9.389 9.537
3.109 3.111 3.115 3.124 3.151 3.253 3.284 3.271 3.374 3.346 3.369 3.459 3.538 3.705 3.889 4.052 4.014 4.115 4.266 4.262 4.458 4.847 4.914 5.039 5.187 5.434 5.487 5.824 6.373 6.532 7.338 7.666 7.763 7.993 8.098 8.145 8.171 8.322 8.287 8.171 8.106 7.865 7.755 7.606 7.499 7.635 7.961 8.215 8.419 8.61 8.759 8.802 8.938 8.918 8.994 9.053 8.935 8.807 8.805 8.71 8.756 8.83 8.716 8.519 8.36 8.101 7.889 7.92 8.061 8.286 8.442 8.887 9.298 9.511 9.642
3.076 3.034 2.983 3.061 2.981 3.158 3.204 3.186 3.245 3.261 3.275 3.318 3.416 3.512 3.6 3.787 3.846 3.958 4.104 4.273 4.334 4.226 4.526 4.852 4.904 4.925 5.126 5.531 5.804 6.047 6.449 6.483 7.325 7.915 8.02 8.088 8.289 8.481 8.629 8.45 8.222 8.123 7.998 7.545 7.467 7.266 7.602 7.993 8.248 8.418 8.643 8.769 9.041 9.07 9.123 9.12 8.923 8.838 8.903 8.797 8.817 8.811 8.738 8.565 8.493 8.297 8.05 7.83 8.03 8.264 8.502 8.639 9.097 9.575 9.723
2.962 2.981 3.056 3.084 3.079 3.058 3.084 3.191 3.217 3.227 3.303 3.189 3.222 3.275 3.445 3.68 3.839 3.908 3.986 4.041 4.141 4.191 4.276 4.384 4.621 4.951 5.017 5.091 5.315 5.5 5.773 6.002 6.541 6.934 6.893 7.345 7.935 8.226 8.584 8.466 8.286 8.265 8.137 7.768 7.634 7.437 7.301 7.631 7.817 8.202 8.389 8.585 8.775 9.063 9.003 8.983 8.878 8.898 8.986 8.943 8.859 8.788 8.794 8.75 8.571 8.256 8.026 7.808 7.858 7.984 8.367 8.873 9.154 9.56 9.809
2.942 2.907 2.853 2.869 2.986 2.963 2.964 3.062 3.119 3.128 3.2 3.107 3.112 3.183 3.271 3.491 3.578 3.725 3.848 3.927 4.031 4.169 4.35 4.377 4.384 4.523 4.696 4.869 4.921 5.04 5.325 5.578 5.935 6.255 6.467 6.752 7.458 7.835 8.041 8.125 8.2 8.189 8.101 7.953 7.772 7.544 7.4 7.309 7.45 7.989 8.204 8.353 8.554 8.724 8.755 8.83 8.873 8.931 8.944 8.993 8.972 8.984 8.962 8.881 8.734 8.439 8.123 7.828 7.708 8.013 8.519 9.081 9.288 9.514 9.871
2.944 2.922 2.951 2.905 2.913 2.958 2.951 2.965 2.977 2.993 3.063 3.12 3.089 3.134 3.186 3.208 3.183 3.347 3.608 3.783 3.98 4.068 4.222 4.352 4.473 4.488 4.469 4.456 4.61 4.795 4.96 5.099 5.288 5.693 5.991 6.196 6.552 7.197 7.647 7.637 7.853 7.952 8.052 8.047 7.889 7.752 7.578 7.231 7.089 7.343 7.818 8.145 8.335 8.597 8.67 8.653 8.796 8.832 8.757 8.935 9.035 8.981 8.926 8.842 8.718 8.53 8.239 7.731 7.671 8.092 8.651 8.847 9.319 9.644 9.745
2.887 2.911 2.878 2.838 2.947 2.988 2.923 2.915 2.779 2.833 2.895 2.995 3.033 3.091 3.074 3.167 3.143 3.359 3.503 3.58 3.795 3.913 4.083 4.169 4.264 4.384 4.391 4.396 4.369 4.414 4.614 4.749 4.93 5.14 5.391 5.593 5.739 6.198 6.267 6.618 7.43 7.487 7.752 7.721 7.83 7.776 7.44 7.295 7.106 7.238 7.55 7.628 7.9 8.073 8.302 8.401 8.54 8.73 8.779 8.951 8.974 8.963 8.896 8.633 8.652 8.411 8.044 7.781 7.653 8.165 8.852 9.296 9.558 9.829 9.956
2.887 2.914 2.847 2.732 2.803 2.78 2.771 2.821 2.754 2.8 2.819 2.898 2.993 2.923 2.87 2.941 3.087 3.125 3.297 3.349 3.561 3.664 3.826 3.999 4.152 4.312 4.232 4.245 4.297 4.316 4.437 4.459 4.542 4.859 4.991 5.025 5.162 5.459 5.46 5.944 6.131 6.237 6.434 6.752 6.796 6.882 7.008 6.842 6.724 6.837 6.895 7.291 7.503 7.644 7.617 8.046 8.31 8.427 8.522 8.7 8.771 8.789 8.743 8.643 8.53 8.212 8.009 7.847 7.979 8.399 8.861 9.205 9.526 9.812 9.987
