sandwich_west_overwash_utm.asc
ncols         136
nrows         230
xllcorner     376837.065
yllcorner     4624758.449
cellsize      0.875048900218
nodata_value  -9999.0
[rows 102 to 135 of 230, columns 0 to 75 of 136]
12.043 12.126 12.338 12.52 12.742 13.071 13.186 13.134 13.281 13.344 13.464 13.606 13.813 13.966 14.165 14.288 14.392 14.621 14.672 14.666 14.774 15.057 15.256 14.442 13.453 12.075 11.357 10.861 10.643 10.372 10.101 9.969 9.688 9.618 9.408 9.175 8.997 8.802 8.635 8.469 8.322 8.179 8.067 8.027 7.879 7.624 7.604 7.539 7.436 7.323 7.204 7.019 6.861 6.858 6.821 6.638 6.539 6.475 6.393 6.341 6.19 6.134 6.132 6.043 5.982 5.885 5.825 5.784 5.767 5.739 5.656 5.575 5.518 5.5 5.444 5.36
12.298 12.433 12.58 12.732 12.9 13.079 13.294 13.269 13.451 13.515 13.557 13.645 13.795 13.868 14.094 14.297 14.421 14.621 14.638 14.563 14.581 14.765 14.921 14.513 13.973 12.654 11.771 11.079 10.844 10.598 10.248 10.145 9.901 9.775 9.575 9.31 9.165 8.981 8.855 8.644 8.496 8.377 8.222 8.242 8.098 7.879 7.703 7.63 7.589 7.564 7.397 7.269 7.102 7.098 6.918 6.757 6.71 6.613 6.506 6.532 6.315 6.251 6.189 6.236 6.112 6 5.93 5.845 5.781 5.813 5.677 5.701 5.645 5.603 5.6 5.5
12.49 12.743 12.782 12.873 13.033 13.174 13.358 13.391 13.6 13.687 13.643 13.633 13.692 13.717 13.946 14.154 14.288 14.466 14.513 14.394 14.297 14.275 14.275 14.42 13.827 12.992 12.243 11.445 11.101 10.844 10.466 10.196 10.091 9.916 9.64 9.411 9.26 9.135 9.049 8.784 8.564 8.564 8.481 8.364 8.078 7.966 7.9 7.823 7.71 7.582 7.432 7.365 7.255 7.212 7.1 6.915 6.856 6.757 6.609 6.611 6.497 6.387 6.391 6.375 6.21 6.118 6.059 5.986 5.905 5.871 5.786 5.797 5.736 5.723 5.751 5.601
12.594 12.92 12.893 12.932 13.137 13.431 13.393 13.423 13.67 13.783 13.703 13.634 13.637 13.642 13.795 13.849 13.979 14.266 14.303 14.343 14.104 13.967 14.093 13.848 13.705 13.514 12.516 11.794 11.552 11.103 10.681 10.498 10.299 10.107 9.889 9.697 9.431 9.212 9.192 9.064 8.822 8.733 8.554 8.507 8.281 8.154 8.001 7.885 7.819 7.737 7.585 7.542 7.422 7.278 7.205 7.08 7.053 6.907 6.767 6.703 6.608 6.472 6.489 6.44 6.333 6.23 6.177 6.133 6.057 5.956 5.931 5.87 5.819 5.832 5.874 5.686
12.544 12.696 12.839 12.933 13.225 13.464 13.45 13.393 13.361 13.485 13.506 13.568 13.704 13.572 13.501 13.418 13.562 13.776 13.928 13.987 13.673 13.54 13.676 13.545 13.538 13.437 12.91 12.282 11.862 11.371 10.888 10.694 10.497 10.34 10.119 9.989 9.659 9.385 9.347 9.229 9.018 8.844 8.655 8.631 8.472 8.341 8.161 8.011 7.946 7.915 7.761 7.706 7.567 7.356 7.286 7.224 7.236 7.053 6.972 6.837 6.666 6.543 6.461 6.466 6.488 6.324 6.267 6.238 6.18 6.119 6.049 5.945 5.928 5.884 5.927 5.805
12.498 12.559 12.701 12.938 13.088 13.125 13.364 13.285 13.221 13.312 13.33 13.498 13.622 13.465 13.284 13.121 13.172 13.283 13.349 13.538 13.309 13.213 13.333 13.211 13.231 13.124 13.085 12.692 12.269 11.719 11.221 10.874 10.677 10.53 10.297 10.205 9.884 9.631 9.519 9.299 9.147 8.926 8.819 8.719 8.586 8.499 8.448 8.295 8.099 8.026 7.879 7.761 7.651 7.529 7.441 7.282 7.254 7.194 7.157 7.046 6.885 6.811 6.65 6.623 6.542 6.38 6.359 6.321 6.272 6.337 6.162 6.247 6.098 5.968 5.942 5.897
12.436 12.511 12.58 12.825 12.941 12.761 13.143 13.078 13.08 13.18 13.169 13.368 13.427 13.328 13.111 12.865 12.799 12.805 12.702 13.047 13.01 12.95 13.067 12.777 12.802 12.738 12.86 12.9 12.893 12.175 11.795 11.117 10.822 10.566 10.397 10.218 9.992 9.853 9.714 9.498 9.343 9.118 8.868 8.844 8.809 8.702 8.598 8.408 8.225 8.141 8.034 7.842 7.728 7.726 7.647 7.467 7.357 7.311 7.261 7.189 7.058 6.991 6.764 6.759 6.724 6.584 6.482 6.452 6.392 6.447 6.316 6.373 6.182 6.074 6.02 6
12.374 12.518 12.476 12.581 12.815 12.507 12.803 12.788 12.84 13.034 13.013 13.122 13.166 13.159 12.925 12.479 12.431 12.312 12.362 12.517 12.566 12.435 12.531 12.499 12.539 12.342 12.417 12.554 12.81 12.635 12.12 11.602 11.042 10.717 10.517 10.378 10.141 9.962 9.828 9.59 9.466 9.307 9.125 9.098 9.055 8.868 8.746 8.53 8.367 8.223 8.161 8.052 7.881 7.891 7.797 7.617 7.483 7.402 7.347 7.267 7.189 7.114 6.893 6.894 6.87 6.772 6.647 6.604 6.522 6.489 6.429 6.394 6.244 6.205 6.151 6.098
12.388 12.438 12.296 12.358 12.379 12.42 12.656 12.679 12.609 12.759 12.747 12.948 12.763 12.679 12.554 12.256 12.234 12.104 12.165 12.062 12.155 12.181 12.179 12.202 12.258 12.25 12.262 12.493 12.699 12.712 12.497 12.045 11.352 10.861 10.647 10.51 10.287 10.101 9.991 9.765 9.607 9.465 9.319 9.331 9.223 8.99 8.85 8.655 8.504 8.348 8.294 8.276 8.038 8.031 7.915 7.731 7.603 7.481 7.446 7.313 7.284 7.185 7.05 7.029 6.914 6.877 6.859 6.749 6.651 6.502 6.407 6.418 6.366 6.361 6.3 6.155
12.182 12.218 12.11 12.178 12.276 12.26 12.48 12.558 12.548 12.58 12.567 12.719 12.398 12.383 12.267 12.049 11.987 11.827 11.889 11.721 11.819 11.963 11.933 11.967 12.115 12.23 12.275 12.518 12.605 12.653 12.8 12.478 11.793 11.085 10.816 10.651 10.433 10.269 10.177 9.996 9.771 9.606 9.4 9.485 9.285 9.077 8.893 8.785 8.624 8.581 8.464 8.373 8.109 8.17 8.051 7.83 7.658 7.598 7.61 7.453 7.347 7.2 7.109 7.141 7.004 7.049 6.951 6.841 6.751 6.61 6.566 6.527 6.348 6.397 6.373 6.226
11.939 11.986 11.869 12.01 12.135 12.107 12.332 12.46 12.509 12.432 12.413 12.489 12.036 12.126 11.965 11.804 11.683 11.503 11.556 11.519 11.593 11.737 11.789 11.832 12.125 12.175 12.382 12.509 12.574 12.651 12.884 12.956 12.412 11.524 11.061 10.9 10.581 10.414 10.259 10.08 9.925 9.836 9.574 9.49 9.365 9.202 9.033 8.903 8.827 8.749 8.558 8.487 8.257 8.26 8.046 8.025 7.883 7.725 7.682 7.512 7.503 7.344 7.257 7.236 7.151 7.132 7.02 6.917 6.881 6.786 6.714 6.686 6.496 6.491 6.445 6.339
11.708 11.767 11.622 11.852 11.849 11.984 12.208 12.377 12.388 12.268 12.228 12.32 11.627 11.7 11.497 11.451 11.352 11.277 11.304 11.488 11.595 11.576 11.799 11.86 11.929 12.139 12.257 12.495 12.65 12.682 12.795 13.025 12.629 12.154 11.473 11.013 10.586 10.437 10.43 10.232 10.077 9.911 9.75 9.636 9.455 9.273 9.01 9.042 9.093 8.909 8.717 8.559 8.417 8.425 8.22 8.164 8.017 7.86 7.827 7.684 7.682 7.555 7.44 7.332 7.234 7.182 7.133 6.994 7.033 6.969 6.831 6.821 6.708 6.617 6.518 6.477
11.504 11.556 11.653 11.718 11.635 11.676 11.847 11.924 12.143 11.889 11.791 11.789 11.367 11.314 11.144 11.025 11.1 11.168 11.19 11.479 11.513 11.521 11.768 11.813 11.887 12.02 12.228 12.433 12.567 12.575 12.807 13.031 12.909 12.646 11.721 11.169 10.753 10.592 10.51 10.344 10.165 9.999 9.915 9.748 9.543 9.451 9.174 9.213 9.267 9 8.888 8.627 8.582 8.582 8.433 8.275 8.11 8.02 8.009 7.929 7.854 7.774 7.612 7.448 7.23 7.248 7.322 7.082 7.195 7.096 6.903 6.828 6.816 6.728 6.584 6.595
11.311 11.361 11.473 11.486 11.401 11.434 11.458 11.502 11.697 11.534 11.478 11.342 11.078 10.834 10.834 10.804 10.895 11.086 11.2 11.45 11.462 11.551 11.667 11.691 11.809 11.864 12.111 12.223 12.385 12.411 12.789 12.987 13.128 12.943 12.075 11.471 11.047 10.818 10.522 10.421 10.212 10.142 10.046 9.787 9.651 9.79 9.684 9.399 9.23 8.979 9.011 8.747 8.737 8.576 8.384 8.488 8.363 8.23 7.996 7.934 8.011 7.768 7.639 7.651 7.539 7.433 7.418 7.231 7.233 7.096 7.01 6.945 6.886 6.904 6.799 6.756
11.019 11.148 11.233 11.287 11.146 11.183 11.052 11.059 11.133 11.053 11.108 10.891 10.768 10.454 10.551 10.696 10.757 10.998 11.252 11.385 11.44 11.608 11.499 11.508 11.625 11.669 11.814 11.827 12.155 12.261 12.602 12.92 13.093 12.994 13.046 12.06 11.306 10.876 10.667 10.534 10.376 10.28 10.089 9.99 9.969 9.84 9.66 9.497 9.372 9.223 9.211 8.946 8.896 8.72 8.576 8.608 8.394 8.321 8.109 8.02 8.094 7.975 7.778 7.757 7.679 7.595 7.501 7.46 7.338 7.174 7.195 7.107 7.01 6.96 6.893 6.852
10.657 10.864 10.95 11.12 10.886 10.889 10.62 10.571 10.517 10.333 10.528 10.354 10.461 10.46 10.26 10.494 10.759 10.845 11.121 11.287 11.33 11.473 11.357 11.373 11.423 11.109 11.638 11.681 12.049 12.362 12.871 12.993 13.379 13.318 13.295 12.913 11.607 11.053 10.803 10.586 10.53 10.402 10.17 10.104 10.132 9.94 9.765 9.576 9.403 9.261 9.307 9.07 9.037 8.861 8.722 8.723 8.531 8.417 8.297 8.192 8.187 8.178 7.973 7.826 7.781 7.753 7.596 7.666 7.477 7.309 7.38 7.256 7.163 7.004 6.91 6.918
10.384 10.298 10.518 10.718 10.777 10.574 10.008 10.184 10.044 10.124 10.228 10.139 10.17 10.349 10.256 10.418 10.577 10.827 11.044 11.192 11.37 11.388 11.128 11.187 11.116 10.875 11.337 11.836 12.197 12.35 12.864 13.062 13.556 13.816 13.743 13.436 11.782 11.229 10.878 10.688 10.653 10.504 10.276 10.179 10.159 10.036 9.875 9.697 9.492 9.311 9.391 9.187 9.143 9.002 8.838 8.818 8.721 8.54 8.514 8.422 8.302 8.292 8.192 7.906 7.908 7.907 7.716 7.764 7.629 7.478 7.47 7.316 7.304 7.276 6.993 7.061
9.994 10.155 10.352 10.396 10.319 10.12 9.768 9.886 9.866 9.945 9.908 9.937 10.017 10.21 10.239 10.355 10.483 10.699 10.947 11.045 11.103 11.042 10.805 10.838 10.89 10.96 11.264 11.912 12.248 12.253 12.675 13.095 13.721 14.339 14.297 13.727 11.987 11.54 10.977 10.869 10.729 10.598 10.406 10.246 10.09 10.098 9.915 9.908 9.776 9.579 9.556 9.391 9.185 9.171 9.007 8.822 8.693 8.725 8.625 8.585 8.384 8.283 8.303 8.181 7.984 7.978 7.759 7.767 7.783 7.646 7.619 7.479 7.473 7.379 7.228 7.234
9.703 9.922 10.121 10.089 9.915 9.773 9.668 9.689 9.771 9.747 9.689 9.793 9.924 10.105 10.195 10.315 10.45 10.48 10.778 10.82 10.529 10.462 10.453 10.407 10.873 11.33 11.596 11.646 11.954 12.12 12.4 13.041 14.041 14.642 14.666 14.16 12.62 12.418 11.389 11.126 10.726 10.734 10.588 10.366 10.283 10.099 10.032 10.018 9.849 9.697 9.645 9.54 9.277 9.203 9.113 8.885 8.838 8.881 8.694 8.658 8.513 8.347 8.403 8.283 8.11 8.141 7.97 7.938 7.903 7.769 7.751 7.603 7.593 7.472 7.406 7.346
9.525 9.546 9.768 9.801 9.71 9.622 9.564 9.603 9.603 9.512 9.686 9.752 9.786 10.129 10.128 10.328 10.338 10.331 10.41 10.473 10.149 10.187 10.4 10.808 11.261 11.58 11.671 11.736 12.022 12.36 12.627 13.247 13.631 14.431 14.609 14.345 13.661 12.684 11.692 11.235 11.026 10.855 10.796 10.554 10.397 10.206 10.119 10.142 9.97 9.762 9.761 9.641 9.417 9.3 9.25 9.081 8.972 9.013 8.734 8.741 8.646 8.483 8.502 8.404 8.238 8.29 8.16 8.109 7.995 7.894 7.842 7.699 7.677 7.574 7.526 7.429
9.333 9.42 9.501 9.632 9.438 9.413 9.396 9.547 9.561 9.572 9.571 9.755 9.869 10.019 10.15 10.103 10.066 10.127 10.152 10.257 10.141 10.305 10.58 11.002 11.34 11.735 11.772 11.859 12.07 12.528 12.882 13.226 13.372 13.907 14.51 14.573 14.223 13.335 12.244 11.346 11.235 11.028 10.941 10.695 10.485 10.353 10.24 10.237 10.037 9.858 9.881 9.74 9.574 9.44 9.393 9.309 9.094 9.13 8.796 8.876 8.773 8.675 8.609 8.61 8.351 8.361 8.203 8.146 8.08 8.071 7.863 7.794 7.751 7.695 7.65 7.585
9.229 9.275 9.299 9.373 9.354 9.285 9.401 9.462 9.549 9.619 9.631 9.662 9.784 9.928 10.023 9.861 9.893 9.998 10.111 10.323 10.348 10.576 10.839 11.088 11.344 11.752 11.88 11.99 12.221 12.656 13.048 13.216 13.324 13.433 14.389 14.726 14.403 14.168 12.869 11.538 11.315 11.24 11.016 10.777 10.585 10.49 10.421 10.273 9.978 10.063 9.981 9.889 9.707 9.559 9.462 9.338 9.288 9.264 9.032 9.127 8.919 8.831 8.726 8.7 8.661 8.485 8.391 8.235 8.229 8.179 7.983 7.887 7.98 7.866 7.881 7.658
9.143 9.125 9.178 9.221 9.258 9.234 9.4 9.381 9.514 9.644 9.657 9.52 9.597 9.796 9.842 9.735 9.91 10.004 10.252 10.609 10.657 10.865 11.057 11.121 11.367 11.65 11.994 12.136 12.565 12.765 13.026 13.507 13.564 13.55 14.21 14.541 14.594 14.126 12.787 12.017 11.55 11.347 11.201 11.054 10.788 10.461 10.385 10.457 10.245 10.162 10.136 10.021 9.801 9.745 9.582 9.513 9.395 9.254 9.101 9.179 8.982 8.987 8.851 8.752 8.74 8.607 8.507 8.457 8.343 8.298 8.146 7.99 8.096 7.967 7.989 7.794
9.064 9.013 9.135 9.206 9.105 9.236 9.299 9.314 9.417 9.62 9.453 9.389 9.395 9.534 9.799 9.949 10.269 10.241 10.39 10.786 10.76 10.848 10.84 11.181 11.394 11.909 12.326 12.682 12.825 12.892 13.071 13.432 13.604 13.639 13.983 14.417 14.686 14.46 13.425 12.418 11.725 11.665 11.436 11.16 11.076 10.711 10.512 10.534 10.422 10.274 10.212 10.067 9.854 9.867 9.714 9.65 9.493 9.317 9.231 9.25 9.091 9.096 8.975 8.83 8.817 8.756 8.612 8.642 8.468 8.426 8.317 8.126 8.144 8.05 8.042 7.96
9.01 9.098 9.092 9.129 9.193 9.119 9.108 9.151 9.196 9.206 9.32 9.477 9.523 9.775 9.934 10.162 10.362 10.32 10.387 10.603 10.699 10.846 10.819 11.069 11.468 12.117 12.906 13.238 13.108 12.966 13.084 13.34 13.412 13.653 13.859 14.292 14.55 14.469 13.73 12.83 11.956 12.012 11.756 11.393 11.387 11.024 10.77 10.659 10.567 10.354 10.248 10.089 9.92 9.958 9.852 9.72 9.619 9.481 9.444 9.385 9.257 9.165 9.108 8.967 9 8.946 8.739 8.659 8.647 8.561 8.458 8.336 8.23 8.249 8.236 8.012
9.105 9.139 9.022 9.008 9.1 9.045 9.007 9.094 9.229 9.275 9.369 9.658 9.733 9.925 10.093 10.269 10.338 10.328 10.365 10.523 10.719 10.804 10.819 11.018 11.528 12.245 13.158 13.447 13.21 12.804 12.962 13.186 13.216 13.634 13.807 14.118 14.227 14.117 13.689 13.218 12.308 12.342 12.189 11.874 11.687 11.285 11.135 10.948 10.727 10.358 10.296 10.183 10.088 10.092 9.994 9.712 9.825 9.699 9.626 9.497 9.332 9.347 9.36 9.097 9.054 8.959 8.895 8.862 8.698 8.575 8.508 8.492 8.417 8.329 8.237 8.147
9.059 9.021 8.968 8.93 8.994 8.987 9.013 9.203 9.396 9.434 9.46 9.787 9.925 10.005 10.174 10.254 10.263 10.298 10.371 10.607 10.823 10.721 10.774 11.085 11.549 12.235 12.742 13.047 12.948 12.223 12.584 12.929 13.35 13.641 13.738 13.82 13.888 13.722 13.975 13.338 12.961 12.722 12.744 12.527 12.069 11.618 11.262 11.056 10.932 10.718 10.499 10.364 10.213 10.212 10.157 9.964 9.902 9.832 9.741 9.632 9.442 9.436 9.357 9.22 9.12 9.111 9.007 8.914 8.825 8.747 8.594 8.606 8.518 8.439 8.331 8.264
8.846 8.776 8.916 8.903 8.934 8.931 9.126 9.498 9.565 9.335 9.436 9.686 9.987 10.092 10.024 10.107 10.247 10.287 10.44 10.662 10.761 10.686 10.591 10.999 11.58 11.951 12.578 12.233 12.159 12.064 12.232 12.644 13.051 13.484 13.432 13.489 13.642 13.681 13.82 13.551 13.478 13.87 13.436 13.516 12.85 12.014 11.51 11.354 11.13 10.91 10.606 10.601 10.39 10.314 10.286 10.158 10.018 9.925 9.823 9.735 9.575 9.509 9.371 9.296 9.204 9.257 9.116 8.969 8.983 8.946 8.714 8.692 8.59 8.583 8.5 8.39
8.674 8.691 8.669 8.718 8.788 8.787 8.994 9.464 9.093 9.233 9.207 9.316 9.775 9.997 9.609 9.698 10.252 10.234 10.054 10.307 10.412 10.429 10.453 10.859 11.339 11.565 11.962 11.705 11.498 11.79 12.041 12.316 12.83 13.243 13.216 13.317 13.482 13.644 13.735 13.741 13.938 14.624 14.257 14.455 13.83 12.775 11.996 11.776 11.601 11.14 10.779 10.854 10.599 10.432 10.391 10.281 10.171 10.006 9.894 9.801 9.721 9.613 9.505 9.329 9.303 9.311 9.264 9.16 9.116 9.018 8.86 8.779 8.757 8.723 8.626 8.663
8.679 8.651 8.674 8.733 8.771 8.779 8.914 9.156 8.87 9.112 9.122 9.236 9.537 9.695 9.444 9.551 9.963 9.94 9.741 9.949 10.134 10.165 10.277 10.615 10.984 11.188 11.217 11.249 11.059 11.473 11.855 12.065 12.702 12.999 13.105 13.254 13.35 13.558 13.791 13.873 14.21 14.675 15.085 15.13 14.88 14.062 12.803 12.301 12.622 11.655 11.223 11.057 10.805 10.634 10.521 10.399 10.269 10.143 10.021 9.859 9.852 9.788 9.674 9.585 9.386 9.396 9.406 9.306 9.298 9.111 9.054 8.973 8.977 8.893 8.749 8.705
8.73 8.676 8.751 8.764 8.767 8.83 8.852 8.896 8.838 9.01 9.088 9.256 9.356 9.384 9.469 9.574 9.54 9.558 9.633 9.752 10.007 9.977 10.072 10.296 10.623 10.898 10.563 10.728 10.931 11.166 11.506 12.048 12.658 12.875 13.046 13.119 13.118 13.422 13.855 13.868 13.745 14.537 15.094 15.247 15.299 15.039 13.959 13.248 12.822 12.118 12.012 11.412 11.14 10.876 10.683 10.577 10.398 10.256 10.11 10.018 10.016 9.949 9.769 9.729 9.547 9.582 9.499 9.455 9.408 9.185 9.203 9.15 9.131 9.027 8.91 8.835
8.798 8.76 8.817 8.737 8.73 8.889 8.814 8.908 8.956 8.953 8.978 9.131 9.368 9.364 9.441 9.499 9.54 9.595 9.82 9.949 9.936 9.986 10.179 10.357 10.545 10.626 10.631 10.616 10.97 11.049 11.289 11.726 12.212 12.285 12.637 12.727 12.834 13.248 13.437 13.36 13.089 13.767 14.029 14.429 14.787 15.086 14.725 14.287 13.917 13.042 12.834 11.925 11.378 11.162 10.887 10.758 10.529 10.403 10.29 10.185 10.111 10.035 9.882 9.829 9.717 9.743 9.596 9.599 9.517 9.31 9.339 9.303 9.255 9.144 9.09 9.054
8.892 8.853 8.792 8.702 8.754 8.888 8.92 9.12 9.204 9.094 9.185 9.19 9.299 9.325 9.3 9.396 9.48 9.492 9.656 9.749 9.866 9.957 10.123 10.274 10.425 10.554 10.66 10.639 10.954 11.056 11.259 11.544 11.855 11.972 12.224 12.34 12.524 12.966 13.028 12.835 12.455 12.72 12.714 13.269 13.857 14.377 14.895 14.92 15.088 14.116 13.766 12.617 11.739 11.552 11.159 10.973 10.7 10.592 10.546 10.328 10.15 10.064 10.042 9.921 9.851 9.799 9.738 9.736 9.704 9.581 9.509 9.444 9.443 9.3 9.207 9.201
8.796 8.73 8.639 8.658 8.66 8.774 8.906 9.131 9.174 9.122 9.205 9.215 9.321 9.315 9.308 9.372 9.472 9.5 9.567 9.645 9.843 9.911 10.085 10.194 10.414 10.699 10.758 10.729 10.95 11.11 11.324 11.507 11.672 11.879 11.928 12.048 12.246 12.625 12.708 12.431 11.943 11.669 11.578 12.108 12.804 13.072 14.27 14.645 15.475 14.995 14.928 13.57 12.655 12.176 11.574 11.35 11.048 10.774 10.68 10.471 10.496 10.304 10.114 10.02 10.008 9.929 9.896 9.847 9.825 9.733 9.633 9.533 9.466 9.494 9.491 9.332
