sandwich_bluff_utm.asc
ncols         52
nrows         189
xllcorner     376686.286
yllcorner     4624876.945
cellsize      0.875048900218
nodata_value  -9999.0
[rows 92 to 137 of 189, columns 0 to 51 of 52]
13.532 13.488 13.757 14.156 14.431 14.686 14.913 14.914 15.163 15.422 15.587 15.892 16.014 16.272 16.559 16.736 16.882 16.916 17.101 17.244 17.414 17.532 17.633 17.731 17.831 17.904 17.946 18.142 18.264 18.361 18.488 18.663 18.756 18.788 18.937 19.022 19.169 19.293 19.378 19.537 19.641 19.73 19.82 19.884 20.031 20.114 20.276 20.483 19.725 18.284 17.612 17.096
13.313 13.422 13.621 13.951 14.124 14.29 14.526 14.73 15.024 15.131 15.37 15.62 15.835 16.174 16.298 16.482 16.606 16.646 16.862 17.056 17.212 17.321 17.463 17.586 17.702 17.751 17.766 17.945 18.091 18.201 18.346 18.553 18.645 18.678 18.79 18.83 19.061 19.161 19.207 19.297 19.427 19.633 19.667 19.76 19.901 20.027 20.185 20.274 20.396 20.391 19.988 18.889
13.082 13.28 13.445 13.719 13.827 13.963 14.183 14.497 14.866 14.912 15.194 15.359 15.602 15.975 16.049 16.205 16.262 16.424 16.647 16.848 16.985 17.108 17.263 17.432 17.606 17.653 17.706 17.817 17.939 18.083 18.225 18.404 18.495 18.502 18.685 18.746 18.92 19.013 19.106 19.211 19.328 19.487 19.582 19.7 19.782 19.883 19.926 20.081 20.235 20.417 20.454 20.24
12.809 12.986 13.172 13.427 13.541 13.726 13.893 14.185 14.63 14.768 15.039 15.126 15.27 15.592 15.877 15.927 15.928 16.202 16.29 16.543 16.781 16.966 17.017 17.077 17.342 17.504 17.577 17.691 17.851 18.044 18.034 18.245 18.323 18.403 18.526 18.59 18.787 18.807 18.927 18.992 19.129 19.262 19.401 19.575 19.688 19.787 19.901 19.983 20.115 20.244 20.364 20.468
12.447 12.461 12.733 13.03 13.25 13.537 13.603 13.959 14.274 14.492 14.727 14.92 15.13 15.337 15.4 15.543 15.663 15.791 16.019 16.356 16.298 16.503 16.745 16.995 17.118 17.251 17.483 17.524 17.671 17.886 17.884 18.031 18.115 18.226 18.389 18.49 18.603 18.613 18.776 18.861 19.033 19.153 19.255 19.405 19.524 19.633 19.785 19.903 20.046 20.063 20.181 20.295
12 12.226 12.343 12.599 12.8 13.171 13.301 13.634 13.921 14.228 14.41 14.562 14.816 15.067 15.089 15.306 15.436 15.493 15.575 15.96 15.998 16.165 16.4 16.748 16.886 16.934 17.253 17.287 17.466 17.638 17.663 17.81 17.907 18.05 18.23 18.357 18.41 18.481 18.67 18.761 18.953 19.073 19.126 19.225 19.333 19.448 19.566 19.813 20.002 19.945 20.089 20.083
11.548 11.806 11.961 12.244 12.434 12.827 12.955 13.257 13.561 13.862 14.043 14.212 14.464 14.739 14.823 15.076 15.218 15.232 15.155 15.535 15.787 15.939 16.048 16.379 16.637 16.591 16.897 16.981 17.245 17.325 17.36 17.617 17.711 17.916 18.011 18.126 18.253 18.455 18.625 18.597 18.744 18.836 18.965 19.111 19.277 19.376 19.493 19.602 19.849 19.902 20.036 20.15
11.08 11.325 11.601 11.897 12.124 12.523 12.6 12.859 13.186 13.382 13.634 13.929 14.128 14.327 14.525 14.756 14.988 14.928 15.015 15.299 15.468 15.786 15.84 16.095 16.323 16.351 16.566 16.606 16.956 17.053 17.218 17.464 17.53 17.672 17.823 17.999 18.106 18.217 18.397 18.474 18.603 18.678 18.807 18.991 19.009 19.209 19.425 19.509 19.737 19.764 19.857 20.005
10.578 11.033 11.25 11.397 11.738 12.241 12.387 12.51 12.757 12.962 13.297 13.616 13.774 13.919 14.119 14.488 14.559 14.66 14.922 15.087 15.287 15.572 15.502 15.687 15.932 16.004 16.185 16.315 16.665 16.826 16.99 17.193 17.336 17.498 17.64 17.839 17.945 18.066 18.237 18.305 18.456 18.539 18.637 18.847 18.806 19.018 19.26 19.37 19.58 19.65 19.714 19.841
10.232 10.518 10.706 10.911 11.296 11.761 11.945 12.071 12.271 12.422 12.783 13.137 13.384 13.683 13.712 14.062 14.208 14.411 14.662 14.791 14.909 15.276 15.241 15.371 15.617 15.744 15.821 16.008 16.343 16.548 16.7 16.932 17.141 17.362 17.454 17.644 17.758 17.926 18.11 18.136 18.304 18.403 18.468 18.691 18.694 18.83 19.002 19.168 19.367 19.586 19.657 19.747
9.794 9.957 10.304 10.529 10.867 11.333 11.444 11.592 11.811 11.942 12.365 12.654 12.935 13.338 13.242 13.602 13.884 14.071 14.311 14.469 14.528 14.945 15.027 15.13 15.35 15.556 15.514 15.7 16.007 16.205 16.391 16.728 16.934 17.233 17.257 17.413 17.53 17.708 17.971 18.047 18.143 18.256 18.333 18.561 18.597 18.739 18.775 19.039 19.192 19.364 19.495 19.631
9.349 9.434 9.972 10.204 10.465 10.954 10.926 11.116 11.404 11.554 12.092 12.225 12.41 12.73 12.708 13.205 13.527 13.524 13.977 14.189 14.495 14.636 14.745 14.866 14.995 15.279 15.389 15.567 15.798 15.954 16.306 16.396 16.604 16.87 17.057 17.146 17.275 17.486 17.68 17.85 18.048 18.075 18.197 18.393 18.492 18.645 18.635 18.808 19.042 19.162 19.358 19.557
9.031 9.067 9.492 9.826 10.114 10.47 10.448 10.766 11.047 11.085 11.559 11.829 11.858 12.228 12.607 12.853 13.268 13.482 13.627 13.885 14.225 14.21 14.455 14.543 14.696 14.959 15.089 15.4 15.524 15.659 15.964 16.094 16.362 16.473 16.625 16.832 17.084 17.336 17.489 17.654 17.857 17.895 18.051 18.218 18.331 18.512 18.52 18.675 18.886 19.025 19.248 19.433
8.896 9.092 9.247 9.424 9.679 10.07 10.292 10.682 10.773 10.771 11.263 11.391 11.521 11.808 12.214 12.504 12.835 13.13 13.267 13.521 13.832 13.85 14.195 14.219 14.437 14.683 14.738 15.115 15.221 15.369 15.607 15.81 16.065 16.154 16.283 16.559 16.905 17.175 17.303 17.462 17.608 17.725 17.884 18.033 18.141 18.335 18.404 18.655 18.717 18.974 19.163 19.205
8.655 8.822 9.088 9.203 9.414 9.8 9.986 10.411 10.473 10.581 10.957 10.966 11.288 11.42 11.747 12.146 12.439 12.693 12.845 13.117 13.396 13.571 13.937 13.913 14.226 14.405 14.394 14.734 14.915 15.108 15.33 15.521 15.651 15.991 16.276 16.385 16.684 16.902 16.98 17.283 17.392 17.567 17.674 17.805 18.049 18.11 18.243 18.461 18.624 18.926 19.066 18.907
8.45 8.476 8.966 9.085 9.298 9.583 9.534 9.936 10.121 10.473 10.553 10.587 11.072 11.051 11.379 11.755 12.3 12.423 12.269 12.718 13.042 13.36 13.617 13.654 14.096 13.893 14.2 14.493 14.663 14.919 14.955 15.202 15.476 15.648 16.097 16.195 16.322 16.614 16.635 16.944 17.136 17.319 17.577 17.686 17.825 17.928 18.031 18.332 18.433 18.481 18.721 18.783
8.538 8.549 8.758 8.829 9.192 9.158 9.403 9.667 9.694 10.225 10.241 10.201 10.612 10.874 11.252 11.372 11.513 11.86 12.018 12.401 12.619 13.004 13.205 13.314 13.71 13.659 14.016 14.302 14.333 14.556 14.663 14.934 15.141 15.302 15.721 15.876 15.954 16.249 16.436 16.678 16.785 17.018 17.343 17.482 17.598 17.807 17.882 18.144 18.166 18.165 18.503 18.733
8.566 8.641 8.706 8.646 8.833 8.999 9.247 9.398 9.503 9.96 9.838 10.114 10.28 10.485 10.802 10.953 11.008 11.469 11.697 12.027 12.239 12.581 12.791 12.948 13.371 13.46 13.715 14.036 14.057 14.208 14.343 14.593 14.792 14.953 15.314 15.528 15.643 15.875 16.249 16.432 16.417 16.747 17.044 17.235 17.412 17.7 17.778 17.865 17.878 18.173 18.541 18.673
8.593 8.641 8.661 8.565 8.653 8.849 9.046 9.148 9.353 9.631 9.479 9.922 9.952 10.093 10.342 10.565 10.719 11.125 11.341 11.639 11.887 12.178 12.429 12.572 13.083 13.217 13.33 13.684 13.834 13.937 13.958 14.144 14.522 14.594 15.016 15.237 15.454 15.579 15.854 16.109 16.214 16.669 16.953 17.153 17.293 17.402 17.484 17.608 17.884 18.008 18.235 18.483
8.593 8.58 8.631 8.577 8.654 8.69 8.82 8.947 9.174 9.239 9.227 9.456 9.581 9.846 10.101 10.249 10.576 10.678 11.031 11.311 11.511 11.969 12.21 12.212 12.665 12.881 13.167 13.369 13.317 13.633 13.78 13.963 14.215 14.241 14.595 14.764 15.168 15.491 15.474 15.769 16.086 16.413 16.807 16.712 17.156 17.257 17.3 17.551 17.836 17.93 18.097 18.347
8.528 8.544 8.666 8.646 8.616 8.701 8.654 8.889 8.938 8.91 9.045 9.348 9.245 9.629 9.774 9.716 10.01 10.47 10.768 11.049 11.25 11.582 11.861 12.074 12.404 12.493 12.848 12.966 13.064 13.428 13.554 13.693 13.893 13.963 14.309 14.388 14.695 15.11 15.253 15.561 15.859 16.1 16.466 16.313 16.96 17.073 17.213 17.474 17.635 17.827 17.879 18.174
8.639 8.619 8.638 8.611 8.511 8.612 8.617 8.763 8.731 8.712 9.028 9.279 9.13 9.416 9.436 9.538 9.802 10.179 10.509 10.772 10.974 11.303 11.532 11.854 12.044 12.182 12.527 12.619 12.855 13.129 13.269 13.413 13.603 13.717 14.031 14.083 14.292 14.648 15.093 15.386 15.547 15.765 15.99 16.056 16.684 16.821 17.181 17.293 17.274 17.647 17.463 17.91
8.559 8.669 8.553 8.588 8.49 8.533 8.556 8.616 8.602 8.616 8.914 9.107 9 9.233 9.205 9.475 9.706 9.914 10.257 10.451 10.658 11.069 11.261 11.554 11.603 11.942 12.246 12.365 12.601 12.703 12.921 13.159 13.365 13.478 13.652 13.833 14.285 14.411 14.794 15.049 15.23 15.448 15.626 15.985 16.327 16.59 16.968 17.017 17.017 17.356 17.138 17.501
8.395 8.619 8.462 8.585 8.544 8.486 8.472 8.492 8.56 8.585 8.618 8.787 8.727 9.11 9.167 9.284 9.456 9.841 10.01 10.048 10.271 10.674 11.093 11.355 11.302 11.596 12.014 12.125 12.334 12.586 12.471 12.77 12.982 13.426 13.402 13.59 13.941 14.2 14.34 14.641 14.903 15.124 15.309 15.687 16.164 16.11 16.513 16.798 16.671 17.059 16.916 17.246
8.36 8.36 8.466 8.576 8.578 8.468 8.543 8.495 8.559 8.546 8.495 8.609 8.681 8.985 8.983 9.114 9.287 9.513 9.515 9.903 10.234 10.613 10.912 11.109 11.208 11.308 11.705 11.901 12.094 12.289 12.262 12.602 12.776 13.123 13.104 13.4 13.596 13.828 14.03 14.21 14.407 14.787 15.074 15.415 15.877 15.643 16.08 16.444 16.35 16.736 16.711 17.012
8.428 8.466 8.522 8.471 8.533 8.483 8.539 8.568 8.516 8.479 8.547 8.472 8.559 8.714 8.817 8.883 9.111 9.243 9.311 9.69 10.087 10.482 10.661 10.828 11.045 11.126 11.374 11.53 11.824 11.924 12.039 12.411 12.553 12.739 12.828 13.137 13.282 13.381 13.744 13.841 13.957 14.492 14.868 15.16 15.42 15.268 15.733 15.944 16.098 16.372 16.467 16.722
8.485 8.486 8.521 8.437 8.507 8.507 8.56 8.559 8.479 8.463 8.591 8.447 8.462 8.503 8.657 8.696 8.936 9.049 9.268 9.431 9.793 10.219 10.33 10.51 10.739 10.995 11.047 11.035 11.509 11.538 11.689 12.057 12.197 12.41 12.627 12.678 13.037 12.965 13.282 13.714 14.037 14.359 14.516 14.757 14.862 15.007 15.453 15.646 15.895 16.007 16.071 16.413
8.518 8.449 8.481 8.474 8.509 8.547 8.598 8.465 8.451 8.505 8.558 8.563 8.467 8.489 8.504 8.65 8.771 8.924 9.183 9.205 9.36 9.779 9.912 10.152 10.198 10.655 10.831 10.858 11.177 11.2 11.488 11.707 11.777 12.143 12.148 12.333 12.724 12.623 13.181 13.521 13.577 13.948 14.251 14.334 14.545 14.835 15.154 15.078 15.558 15.729 15.807 16.141
8.537 8.51 8.47 8.516 8.509 8.626 8.537 8.503 8.334 8.449 8.536 8.582 8.552 8.49 8.51 8.606 8.655 8.743 8.681 8.995 9.246 9.452 9.609 9.796 9.994 10.286 10.503 10.631 10.766 10.779 11.189 11.409 11.35 11.772 11.726 12.043 12.339 12.415 13.061 13.102 13.288 13.579 13.881 14.064 14.251 14.502 14.788 14.691 15.189 15.431 15.505 15.848
8.549 8.513 8.487 8.534 8.605 8.679 8.68 8.565 8.46 8.442 8.554 8.537 8.587 8.465 8.535 8.566 8.588 8.626 8.537 8.771 9.141 9.224 9.388 9.634 9.753 10.039 10.21 10.379 10.368 10.481 10.811 11.097 11.005 11.415 11.437 11.792 11.984 12.226 12.782 12.576 13.138 13.293 13.436 13.875 13.923 14.032 14.393 14.585 14.846 15.064 15.102 15.494
8.544 8.475 8.533 8.545 8.602 8.67 8.72 8.638 8.574 8.479 8.566 8.509 8.602 8.487 8.564 8.537 8.568 8.595 8.608 8.585 8.96 9.009 9.213 9.556 9.465 9.897 9.979 10.101 10.039 10.342 10.375 10.74 10.805 11.171 11.348 11.581 11.774 11.877 12.174 12.155 12.879 13.116 13.058 13.41 13.587 13.902 14.153 14.254 14.677 14.809 15.139 15.226
8.514 8.445 8.55 8.519 8.508 8.602 8.627 8.702 8.594 8.55 8.562 8.544 8.62 8.603 8.589 8.52 8.598 8.65 8.63 8.53 8.57 8.603 8.954 9.136 9.357 9.615 9.718 9.736 9.833 9.783 10.089 10.364 10.577 10.816 10.853 11.26 11.331 11.628 11.914 12.005 12.625 12.692 12.889 13.205 13.346 13.634 13.761 14.066 14.373 14.372 14.759 14.889
8.444 8.518 8.389 8.376 8.49 8.576 8.643 8.711 8.604 8.615 8.688 8.623 8.579 8.462 8.54 8.551 8.582 8.56 8.559 8.551 8.567 8.576 8.706 8.777 9.14 9.36 9.544 9.506 9.549 9.706 10.053 10.096 10.276 10.461 10.462 10.949 11.142 11.359 11.662 11.81 12.301 12.343 12.73 12.938 13.087 13.33 13.46 13.788 13.974 14.021 14.411 14.59
8.498 8.523 8.454 8.394 8.47 8.455 8.612 8.631 8.559 8.582 8.662 8.614 8.566 8.433 8.456 8.59 8.58 8.516 8.511 8.484 8.542 8.557 8.557 8.586 8.89 9.098 9.357 9.352 9.338 9.674 9.96 9.947 10.039 10.167 10.225 10.678 10.969 11.101 11.418 11.581 11.939 12.072 12.527 12.591 12.794 13.013 13.277 13.38 13.556 13.888 14.339 14.387
8.553 8.546 8.523 8.503 8.495 8.377 8.547 8.537 8.506 8.509 8.594 8.569 8.552 8.45 8.402 8.599 8.555 8.515 8.481 8.395 8.474 8.51 8.501 8.531 8.644 8.83 9.118 9.232 9.233 9.456 9.662 9.92 9.966 9.995 10.202 10.448 10.481 10.914 11.244 11.414 11.615 11.752 12.255 12.361 12.524 12.563 12.916 13.298 13.57 13.493 13.844 14.039
8.558 8.565 8.56 8.623 8.554 8.379 8.478 8.469 8.474 8.44 8.549 8.524 8.514 8.467 8.432 8.528 8.459 8.534 8.459 8.442 8.429 8.465 8.46 8.449 8.483 8.621 8.766 8.954 9.105 9.117 9.465 9.658 9.835 9.837 10.001 10.208 10.384 10.687 10.918 10.964 11.315 11.599 11.832 11.891 12.076 12.311 12.287 12.823 13.124 13.173 13.505 13.61
8.432 8.509 8.539 8.549 8.549 8.482 8.541 8.502 8.539 8.539 8.604 8.565 8.495 8.502 8.555 8.547 8.422 8.515 8.406 8.437 8.375 8.362 8.372 8.497 8.512 8.486 8.52 8.786 8.879 9.017 9.234 9.243 9.473 9.637 9.828 10.009 10.143 10.395 10.506 10.644 10.998 11.214 11.416 11.482 11.559 11.918 11.879 12.355 12.462 12.787 13.172 13.18
8.458 8.503 8.484 8.529 8.564 8.437 8.507 8.481 8.53 8.547 8.581 8.554 8.522 8.512 8.582 8.565 8.447 8.438 8.45 8.449 8.363 8.339 8.344 8.5 8.514 8.391 8.354 8.578 8.672 8.869 9.036 8.964 9.176 9.461 9.64 9.809 9.807 10.038 10.045 10.372 10.617 10.631 10.992 11.131 11.016 11.373 11.773 12.018 11.745 12.254 12.749 12.804
8.46 8.5 8.495 8.508 8.549 8.441 8.512 8.481 8.491 8.526 8.538 8.545 8.579 8.527 8.544 8.558 8.473 8.393 8.534 8.479 8.409 8.407 8.386 8.445 8.449 8.328 8.254 8.331 8.526 8.571 8.936 9.035 9.185 9.363 9.385 9.568 9.474 9.626 9.556 9.856 10.117 10.109 10.344 10.531 10.636 11.043 11.14 11.384 11.504 11.724 12.11 12.239
8.425 8.48 8.534 8.483 8.497 8.493 8.566 8.515 8.446 8.508 8.512 8.567 8.656 8.574 8.477 8.487 8.445 8.503 8.546 8.523 8.535 8.54 8.491 8.452 8.383 8.272 8.28 8.416 8.521 8.734 9.033 9.132 9.316 9.362 9.348 9.391 9.364 9.489 9.467 9.548 9.79 9.949 10.095 10.261 10.441 10.691 10.786 11.079 11.209 11.294 11.589 11.736
8.368 8.388 8.457 8.495 8.381 8.298 8.468 8.488 8.407 8.514 8.483 8.541 8.596 8.561 8.529 8.49 8.43 8.484 8.553 8.524 8.532 8.549 8.554 8.497 8.386 8.294 8.309 8.43 8.557 8.826 9.073 9.184 9.342 9.342 9.31 9.329 9.295 9.414 9.418 9.447 9.597 9.804 9.932 10.046 10.265 10.401 10.483 10.791 10.848 10.943 11.158 11.335
8.367 8.332 8.378 8.355 8.407 8.437 8.495 8.536 8.471 8.553 8.507 8.488 8.51 8.515 8.49 8.454 8.439 8.501 8.551 8.529 8.552 8.593 8.614 8.524 8.409 8.334 8.348 8.43 8.613 8.908 9.12 9.259 9.361 9.352 9.312 9.334 9.277 9.39 9.429 9.489 9.52 9.642 9.777 9.839 10.08 10.185 10.151 10.398 10.441 10.657 10.805 11.068
8.369 8.372 8.387 8.334 8.444 8.52 8.513 8.55 8.518 8.56 8.54 8.476 8.429 8.439 8.429 8.419 8.456 8.52 8.537 8.524 8.572 8.644 8.643 8.507 8.41 8.366 8.391 8.455 8.695 9.02 9.22 9.416 9.456 9.454 9.391 9.352 9.335 9.452 9.596 9.538 9.565 9.562 9.619 9.776 9.935 9.978 9.971 10.174 10.329 10.448 10.605 10.827
8.382 8.436 8.453 8.428 8.446 8.472 8.483 8.495 8.504 8.507 8.562 8.55 8.378 8.342 8.424 8.436 8.446 8.464 8.502 8.454 8.461 8.531 8.538 8.373 8.263 8.339 8.39 8.636 8.931 9.158 9.341 9.573 9.587 9.51 9.438 9.361 9.312 9.339 9.367 9.38 9.342 9.37 9.416 9.528 9.651 9.625 9.775 9.938 10.07 10.215 10.285 10.478
8.418 8.312 8.387 8.405 8.427 8.515 8.496 8.487 8.539 8.567 8.556 8.538 8.514 8.498 8.504 8.489 8.503 8.515 8.472 8.488 8.514 8.487 8.482 8.43 8.369 8.405 8.527 8.842 9.11 9.228 9.403 9.556 9.535 9.464 9.37 9.249 9.202 9.152 9.115 9.157 9.133 9.152 9.187 9.268 9.372 9.341 9.567 9.706 9.78 9.927 9.944 10.095
8.596 8.443 8.417 8.441 8.463 8.501 8.507 8.533 8.564 8.612 8.565 8.527 8.563 8.544 8.525 8.495 8.498 8.485 8.465 8.48 8.477 8.419 8.435 8.521 8.477 8.5 8.72 9.019 9.248 9.323 9.412 9.409 9.306 9.271 9.218 9.083 9.048 8.964 8.912 8.935 8.955 8.924 8.942 9.021 9.136 9.167 9.339 9.48 9.501 9.578 9.663 9.738
