sandwich_town_neck.asc
ncols         753
nrows         465
xllcorner     -70.4830910123
yllcorner     41.7628803799
cellsize      0.0000105235594674
nodata_value  -9999.0
[rows 310 to 340 of 465, columns 213 to 283 of 753]
3.915 3.805 3.862 3.772 3.925 3.792 3.735 3.721 3.801 3.739 3.799 3.877 3.739 3.894 3.897 3.771 3.927 4.011 3.855 3.84 3.77 3.706 3.687 3.784 3.877 3.785 3.611 3.816 3.813 3.8 3.802 3.741 3.813 3.735 3.768 3.833 3.74 3.925 3.886 3.773 3.953 3.777 3.837 3.805 3.836 3.901 3.867 3.745 3.66 3.611 3.699 3.767 3.886 3.993 4.046 3.999 3.921 4.009 3.938 3.976 3.889 3.776 3.752 3.408 1.003 0.353 0.185 0.142 0.104 0.139 0.062
3.863 3.896 3.737 3.776 3.673 3.782 3.736 3.773 3.799 3.864 3.814 3.757 3.818 3.886 3.854 3.678 3.798 3.99 3.965 3.851 3.708 3.705 3.702 3.887 3.802 3.704 3.657 3.83 3.706 3.856 3.853 3.892 3.801 3.771 3.797 3.881 3.929 3.894 3.788 3.828 3.86 3.864 3.913 3.9 3.902 3.963 3.841 3.862 3.805 3.758 3.739 3.858 3.935 4.061 4.141 4.065 4.018 3.971 3.988 4.043 3.996 3.922 3.808 3.521 1.832 0.635 0.339 0.069 0.155 0.08 0.092
3.833 3.792 3.723 3.783 3.736 3.74 3.765 3.847 3.772 3.804 3.856 3.896 3.883 3.911 3.994 3.919 3.895 3.942 3.942 3.817 3.8 3.77 3.669 3.7 3.859 3.645 3.857 3.885 3.647 3.729 3.736 3.767 3.8 3.859 3.803 3.765 3.88 3.757 3.826 3.675 3.766 3.892 4.02 3.934 3.917 3.868 3.865 3.745 3.832 3.707 3.806 3.775 3.982 4.157 4.078 4.063 4.046 4.062 4.034 3.984 3.908 4.048 3.969 3.645 2.291 0.8 0.528 0.058 0.136 0.091 0.112
3.801 3.724 3.772 3.77 3.769 3.752 3.708 3.739 3.768 3.864 3.966 3.866 3.896 3.71 3.861 3.931 3.787 3.736 3.891 3.737 3.828 3.767 3.642 3.588 3.82 3.769 3.828 3.814 3.741 3.72 3.724 3.783 3.795 3.737 3.844 3.735 3.83 3.859 3.766 3.827 3.832 3.892 3.893 3.854 3.898 3.866 3.901 3.872 3.836 3.772 3.804 4.072 4.124 4.158 4.113 4.082 4.034 4.074 4.096 4.036 4.061 4.125 3.936 3.364 2.69 0.769 0.451 0.424 0.097 -0.0018724534 0.146
3.709 3.832 3.864 3.725 3.736 3.734 3.796 3.812 3.708 3.835 3.738 3.77 3.862 3.897 3.868 3.895 3.725 3.799 3.831 3.734 3.731 3.575 3.634 3.638 3.641 3.794 3.673 3.701 3.649 3.765 3.781 3.894 3.657 3.889 3.773 3.705 3.798 3.722 3.67 3.791 3.783 3.812 3.738 3.907 3.913 3.823 3.932 3.966 3.905 3.887 4.046 4.107 4.003 4.082 4.034 4.034 4.035 4.123 4.129 4.127 4.083 3.998 3.824 2.584 1.578 0.834 0.544 0.617 0.342 0.073 0.063
3.728 3.771 3.822 3.802 3.835 3.739 3.677 3.81 3.741 3.958 3.807 3.825 3.834 3.896 3.865 3.769 3.801 3.777 3.709 3.612 3.637 3.639 3.639 3.637 3.763 3.649 3.65 3.666 3.726 3.765 3.687 3.887 3.8 3.925 3.821 3.77 3.8 3.815 3.802 3.736 3.78 3.733 3.73 3.748 3.739 3.89 3.996 3.953 3.953 4.091 4.082 4.157 4.13 4.05 4.079 4.142 4.159 3.943 4.06 4.084 3.954 3.939 3.654 3.141 2.658 1.885 1.202 0.737 0.593 0.189 0.038
3.894 3.809 3.802 3.882 3.801 3.733 3.845 3.93 3.975 3.949 3.941 3.807 3.861 3.898 3.833 3.794 3.742 3.768 3.832 3.832 3.691 3.668 3.672 3.667 3.636 3.637 3.496 3.617 3.497 3.649 3.669 3.748 3.752 3.802 3.861 3.785 3.787 3.765 3.842 3.813 3.717 3.715 3.668 3.728 3.765 3.755 3.991 4.024 4.154 4.161 4.065 4.094 4.093 4 4.137 4.169 4.144 4.16 4.211 4.124 3.99 3.81 3.816 3.521 3.463 2.98 1.957 1.597 0.864 0.132 0.184
3.913 3.935 3.808 3.796 3.769 3.614 3.798 3.865 3.675 3.894 3.896 4.026 3.761 3.896 3.792 3.738 3.889 3.768 3.776 3.707 3.706 3.705 3.716 3.656 3.57 3.606 3.607 3.608 3.7 3.642 3.779 3.693 3.826 3.928 3.885 3.848 3.832 3.676 3.667 3.602 3.716 3.609 3.664 3.704 3.752 3.852 4.01 4.053 4.066 4.167 4.053 4.034 3.999 4.018 4.187 4.1 4.022 4.189 4.07 4.061 4.154 3.983 3.796 3.585 3.434 3.535 3.432 2.256 1.725 0.495 0.606
3.806 3.931 3.896 3.613 3.704 3.833 3.93 3.841 3.805 3.958 3.805 3.867 3.877 3.976 3.809 3.735 3.704 3.705 3.813 3.77 3.785 3.757 3.925 3.6 3.48 3.695 3.689 3.763 3.715 3.796 3.799 3.893 3.836 3.911 3.913 3.764 3.7 3.679 3.607 3.507 3.632 3.634 3.649 3.761 3.797 3.769 4.022 4.093 4.19 4.053 4.062 4.035 4.062 4.191 4.056 4.077 4.191 4.208 4.192 4.007 4.029 3.97 3.889 3.765 3.66 3.541 3.644 3.512 3.35 1.537 0.877
3.802 3.849 3.708 3.574 3.745 3.846 3.865 3.898 3.866 3.85 3.865 3.955 3.911 3.833 3.799 3.673 3.67 3.773 3.751 3.747 3.877 3.971 3.947 3.682 3.607 3.617 3.79 3.753 3.734 3.736 3.831 3.909 3.958 3.927 3.85 3.554 3.54 3.414 3.679 3.572 3.614 3.604 3.549 3.604 3.701 3.702 3.922 4.1 4.16 4.13 4.095 4.159 4.114 4.146 4.135 4.038 4.166 4.068 3.972 4.059 3.972 4.152 4.002 3.933 3.777 3.471 3.44 3.473 3.531 2.425 1.801
3.834 3.829 3.676 3.64 3.572 3.731 3.772 3.948 3.875 3.801 3.894 3.647 3.703 3.611 3.766 3.77 3.753 3.612 3.703 3.831 3.861 3.614 3.841 3.832 3.63 3.764 3.673 3.767 3.787 3.873 3.884 3.802 3.833 3.771 3.751 3.786 3.628 3.56 3.6 3.587 3.567 3.571 3.475 3.691 3.654 3.701 3.875 4.074 4.047 4 4.034 4.046 4.141 4.194 4.21 4.155 4.133 4.132 4.034 4.092 4.095 4.127 3.971 3.964 3.905 3.56 3.522 3.495 3.259 3.263 2.421
3.801 3.645 3.694 3.67 3.574 3.765 3.893 3.864 3.723 3.738 3.828 3.705 3.75 3.736 3.769 3.754 3.78 3.783 3.786 3.814 3.754 3.708 3.671 3.641 3.703 3.736 3.828 3.833 3.949 3.932 3.897 3.852 3.818 3.816 3.736 3.735 3.691 3.525 3.539 3.602 3.507 3.588 3.447 3.661 3.592 3.713 3.766 4.02 4.03 4.061 4.155 4.079 4.065 4.162 4.159 4.132 4.19 4.165 4.097 4.129 4.138 4.039 4.045 4.034 3.984 3.843 3.591 3.734 3.674 3.723 3.599
3.844 3.76 3.721 3.689 3.69 3.766 3.798 3.676 3.707 3.798 3.66 3.732 3.704 3.733 3.783 3.815 3.835 3.756 3.893 3.847 3.836 3.834 3.82 3.754 3.831 3.769 3.832 3.926 3.994 3.839 3.865 3.917 3.738 3.829 3.799 3.703 3.67 3.794 3.644 3.683 3.591 3.605 3.57 3.632 3.608 3.573 3.775 3.974 4.028 4.092 4.052 4.142 4.193 4.238 4.101 4.13 4.147 4.133 4.127 4.082 4.127 4.162 4.081 4.124 4.011 4.059 4.033 3.977 3.713 3.905 3.645
3.725 3.816 3.754 3.799 3.613 3.659 3.731 3.843 3.834 3.8 3.772 3.725 3.671 3.717 3.769 3.749 3.863 3.866 3.878 3.866 3.898 3.964 3.933 3.824 3.895 3.818 3.835 3.709 3.864 3.93 3.866 3.862 3.767 3.828 3.669 3.648 3.637 3.807 3.724 3.715 3.658 3.699 3.59 3.54 3.618 3.609 3.722 3.896 3.949 4.029 4.035 4.127 4.099 3.972 4.094 4.149 4.221 4.223 4.04 4.047 4.049 4.154 4.037 3.937 3.993 4.072 3.994 3.927 3.799 3.863 3.583
3.849 3.804 3.717 3.781 3.767 3.754 3.673 3.797 3.708 3.734 3.861 3.727 3.733 3.705 3.794 3.771 3.847 3.929 3.897 3.82 3.866 3.961 3.902 3.945 3.932 3.838 3.977 3.853 3.849 3.856 3.833 3.776 3.704 3.607 3.478 3.377 3.608 3.636 3.665 3.618 3.649 3.635 3.617 3.57 3.572 3.699 3.813 3.9 3.997 3.983 4.122 4.093 4.144 3.973 4.181 4.161 4.129 4.069 4.063 4.062 4.171 4.059 4.032 3.904 3.989 3.904 3.77 3.6 3.545 3.788 3.629
3.75 3.726 3.705 3.574 3.7 3.814 3.77 3.81 3.755 3.782 3.737 3.615 3.703 3.739 3.643 3.768 3.801 3.864 3.82 3.958 3.962 4.008 3.966 3.84 3.865 3.852 3.976 3.933 3.837 3.957 3.884 3.7 3.607 3.634 3.508 3.538 3.567 3.632 3.661 3.591 3.667 3.577 3.602 3.621 3.641 3.765 3.773 3.931 4.031 4.016 4.092 3.939 4.117 4.07 3.999 4.125 4.11 4.173 4.114 4.063 4.034 4.153 3.986 3.749 3.796 3.892 3.682 3.639 3.736 3.879 3.731
3.487 3.621 3.666 3.544 3.59 3.747 3.708 3.766 3.833 3.673 3.832 3.93 3.785 3.88 3.803 3.83 3.737 3.843 3.929 3.884 3.884 4.001 4.044 3.943 3.952 3.932 3.979 4.005 3.854 3.897 3.771 3.769 3.607 3.507 3.52 3.57 3.551 3.505 3.442 3.614 3.682 3.7 3.67 3.909 3.839 3.899 4.03 4.024 4.093 4.014 4.033 4.061 3.91 4.153 4.038 4.061 4.105 4.035 4.047 4.01 4.061 4.061 3.907 3.865 3.789 3.679 3.784 3.805 4.029 4.089 3.952
3.667 3.669 3.577 3.56 3.645 3.702 3.797 3.705 3.776 3.738 3.925 3.838 3.862 3.895 3.895 3.74 3.735 3.642 3.834 3.992 4.084 4.078 4.001 3.967 3.898 3.867 3.931 3.899 3.931 3.959 3.679 3.828 3.562 3.568 3.523 3.535 3.509 3.56 3.621 3.589 3.709 3.783 3.753 4.05 3.938 3.842 4.104 4.15 4.039 4.035 4.111 4.064 4.063 4.078 4.061 3.969 3.774 4.017 4.093 4.063 4.047 4.001 3.905 3.822 3.933 3.903 4.122 4.098 4.002 3.908 3.807
3.634 3.671 3.831 3.802 3.641 3.591 3.763 3.726 3.769 3.892 3.885 3.791 3.736 3.768 3.739 3.86 3.863 3.755 3.833 3.824 4.021 3.985 3.961 3.965 3.869 3.961 3.962 3.931 3.897 3.836 3.829 3.801 3.546 3.505 3.565 3.573 3.664 3.605 3.587 3.571 3.763 3.925 3.867 3.943 4.014 4 4.126 4.066 4.15 4.164 4.159 4.068 4.128 4.065 3.939 3.868 3.755 3.797 3.943 3.995 4.124 4.002 3.893 3.906 4.184 4.184 4.283 4.245 4.199 4.162 4.092
3.671 3.731 3.725 3.874 3.55 3.607 3.591 3.608 3.795 3.709 3.858 3.738 3.784 3.896 3.896 3.783 3.721 3.734 3.861 3.913 3.739 3.88 3.776 3.928 3.96 3.916 3.946 3.913 3.837 3.833 3.676 3.725 3.622 3.54 3.535 3.615 3.48 3.536 3.632 3.726 3.889 3.836 3.992 3.902 4.089 4.156 4.067 4.078 4.22 4.174 4.052 4.11 4.098 4.072 4.095 3.657 3.76 3.776 3.923 3.906 4.057 4.035 4.205 4.245 4.199 4.254 3.983 4.268 4.243 4.195 3.712
3.763 3.576 3.712 3.832 3.645 3.766 3.724 3.784 3.754 3.782 3.674 3.798 3.772 3.93 3.802 3.815 3.721 3.796 3.77 3.847 3.758 3.857 3.972 3.947 3.808 3.928 3.866 3.93 3.931 3.858 3.898 3.793 3.672 3.637 3.445 3.583 3.633 3.603 3.555 3.555 3.789 3.892 4.024 4.061 4.064 3.972 4.09 4.065 4.142 4.141 4.16 4.161 4.098 4.126 4.021 3.917 3.728 3.678 3.831 4.133 4.172 4.131 4.255 4.198 4.273 4.167 4.255 4.228 4.163 4.098 3.112
3.607 3.607 3.417 3.747 3.803 3.864 3.757 3.801 3.802 3.672 3.862 3.933 3.867 3.928 3.772 3.75 3.706 3.737 3.768 3.814 3.773 3.613 3.639 3.829 3.911 3.867 3.881 3.946 3.931 3.899 3.851 3.772 3.768 3.595 3.568 3.695 3.608 3.478 3.567 3.662 3.763 3.86 3.926 3.993 4.112 4.018 4.069 4.095 4.11 4.084 4.16 4.16 4.159 4.067 4.125 4.097 3.814 4.023 4.017 4.075 4.217 4.161 4.149 4.16 4.299 4.275 4.151 4.317 4.258 4.086 2.704
3.751 3.642 3.611 3.845 3.834 3.739 3.833 3.772 3.77 3.722 3.832 3.945 3.775 3.644 3.64 3.857 3.786 3.767 3.708 3.706 3.928 3.807 3.77 3.8 3.803 3.866 3.71 3.969 3.947 3.866 3.847 3.785 3.734 3.687 3.545 3.712 3.638 3.552 3.556 3.583 3.66 3.745 3.843 4.068 4.063 4.035 4.161 4.132 4.114 4.146 4.258 4.104 4.065 4.129 4.106 4.096 4.02 4.19 4.134 4.069 4.003 4.033 4.093 4.193 4.037 4.156 4.158 4.317 4.105 4.155 3.61
3.697 3.645 3.798 3.874 3.867 3.931 3.775 3.817 3.802 3.836 3.971 3.866 3.833 3.895 3.739 3.723 3.736 3.799 3.835 3.836 4.007 3.9 3.947 3.899 3.898 3.996 3.871 3.818 3.83 3.851 3.754 3.733 3.687 3.729 3.621 3.716 3.674 3.542 3.477 3.6 3.479 3.615 3.826 3.926 3.961 4.091 4.225 4.2 4.163 4.197 4.229 4.165 4.161 4.141 4.054 4.143 4.146 4.237 4.166 4.259 4.261 4.164 4.225 4.243 4.041 4.251 4.007 4.155 4.148 4.081 1.46
3.577 3.86 3.882 3.802 3.93 3.804 3.865 3.807 3.875 3.919 3.855 3.741 3.864 3.818 3.801 3.931 3.882 3.897 3.89 3.898 3.889 3.852 3.945 3.946 3.933 3.979 3.962 3.834 3.799 3.877 3.739 3.746 3.712 3.64 3.606 3.808 3.769 3.511 3.601 3.615 3.608 3.78 3.835 3.931 4.039 4.095 4.223 4.321 4.216 4.276 4.215 4.229 4.179 4.134 4.205 4.164 4.179 4.332 4.265 4.303 4.198 4.178 4.178 4.226 4.044 4.187 4.007 4.119 4.065 3.878 3.834
3.743 3.77 3.826 3.834 3.819 3.837 3.93 3.998 3.886 3.914 3.962 3.994 4.027 3.842 3.898 3.96 3.804 3.865 3.962 3.964 3.963 4.026 3.935 3.962 3.891 3.96 3.899 3.774 3.802 3.798 3.832 3.708 3.732 3.72 3.702 3.729 3.748 3.511 3.599 3.729 3.857 3.975 4.061 4.063 4.126 4.13 4.258 4.102 4.191 4.276 4.26 4.22 4.211 4.197 4.259 4.323 4.229 4.162 4.24 4.26 4.193 4.148 4.177 4.161 4.319 4.263 3.98 3.964 4.044 3.984 3.703
3.763 3.751 3.843 3.865 3.882 3.928 3.789 3.948 3.978 3.867 3.93 3.865 3.914 3.914 3.887 3.865 3.849 3.958 3.835 4.02 3.95 4.01 3.868 3.93 3.914 3.885 3.931 3.835 3.861 3.771 3.797 3.779 3.732 3.795 3.577 3.566 3.679 3.543 3.504 3.637 3.749 3.971 4.154 4.052 4.223 4.227 4.244 4.183 4.163 4.321 4.287 4.292 4.105 4.162 4.203 4.197 4.149 4.099 4.191 4.195 4.071 4.191 4.224 4.178 4.223 4.236 4.067 4.009 4.089 4.001 3.062
3.736 3.819 3.85 3.843 3.835 3.799 3.816 3.771 3.752 3.798 3.77 3.736 3.72 3.795 3.803 3.803 3.852 3.8 3.799 3.801 3.93 3.835 3.862 3.849 3.896 3.913 3.865 3.769 3.736 3.736 3.769 3.768 3.659 3.699 3.668 3.419 3.502 3.586 3.595 3.95 3.965 4.06 4.077 4.253 4.417 4.252 4.229 4.228 4.262 4.262 4.276 4.306 4.138 4.224 4.224 4.195 4.196 4.273 4.104 4.13 4.237 4.212 4.195 4.068 4.234 4.224 3.946 3.999 3.995 3.887 2.574
3.701 3.763 3.8 3.642 3.717 3.667 3.686 3.756 3.643 3.72 3.735 3.782 3.795 3.69 3.829 3.943 3.836 3.772 3.803 3.957 3.948 3.774 3.751 3.874 3.769 3.766 3.796 3.77 3.862 3.916 3.85 3.692 3.729 3.698 3.64 3.685 3.735 3.783 3.895 4.057 4.109 4.126 4.206 4.304 4.309 4.315 4.309 4.264 4.291 4.167 4.235 4.23 4.137 4.318 4.108 4.244 4.226 4.212 4.275 4.166 4.066 4.188 4.287 4.164 4.148 4.097 4.204 4.21 3.961 3.744 2.123
3.663 3.781 3.817 3.565 3.609 3.42 3.652 3.75 3.702 3.562 3.829 3.678 3.533 3.795 3.665 3.735 3.705 3.801 3.708 3.797 3.94 3.742 3.668 3.607 3.727 3.61 3.701 3.777 3.893 3.774 3.736 3.814 3.77 3.72 3.729 3.764 3.797 3.927 3.962 4.011 4.107 4.129 4.224 4.291 4.353 4.374 4.265 4.246 4.323 4.26 4.165 4.196 4.321 4.294 4.264 4.357 4.139 4.209 4.29 4.284 4.073 4.192 4.286 4.045 4.217 4.132 4.082 4.127 4.111 3.848 1.439
3.511 3.857 3.832 3.773 3.818 3.865 3.782 3.671 3.609 3.83 3.933 3.964 3.919 4.062 4.129 4.002 3.748 3.864 3.788 3.82 3.642 3.666 3.61 3.633 3.572 3.684 3.732 3.862 3.8 3.834 3.893 3.773 3.796 3.745 3.511 3.569 3.759 3.894 4.054 3.998 4.076 4.203 4.274 4.276 4.132 4.242 4.103 4.239 4.262 4.117 4.192 4.212 4.261 4.354 4.305 4.309 4.104 4.195 4.286 4.356 4.267 4.324 4.168 4.224 4.211 4.179 4.194 4.085 4.047 3.937 2.123
